1,8,6,6,48,1,1,321,4,1,2,64,4.272e-06
1,8,12,12,48,0,1,231,1,1,2,256,4.192e-06
1,8,16,16,48,0,1,321,1,1,2,256,4.032e-06
1,8,16,16,48,1,1,231,1,1,2,256,4.48e-06
1,8,24,24,48,0,1,312,1,1,3,512,4.56e-06
1,8,24,24,48,1,1,123,1,1,2,64,4.992e-06
1,8,48,28,32,1,0,312,1,1,4,128,5.328e-06
1,8,64,64,48,1,1,123,1,1,8,256,6.208e-06
1,8,80,80,16,1,1,321,1,1,4,256,5.776e-06
1,8,150,150,16,1,1,321,1,1,4,256,7.744e-06
1,12,3,3,72,1,1,132,2,1,2,128,4.032e-06
1,12,8,8,72,1,1,231,2,1,2,128,4.608e-06
1,12,12,12,72,1,1,231,2,1,2,256,4.944e-06
1,12,16,16,72,1,1,123,1,1,2,64,4.016e-06
1,12,40,40,36,1,1,231,1,1,3,64,5.584e-06
1,12,56,56,24,1,1,321,1,1,4,256,5.936e-06
1,16,1,1,256,1,0,312,2,1,4,128,5.12e-06
1,16,4,4,96,0,1,321,2,1,3,128,5.264e-06
1,16,4,4,96,1,1,231,2,1,3,128,4.784e-06
1,16,6,6,96,1,1,231,2,1,3,128,4.656e-06
1,16,8,8,96,1,1,321,2,1,3,64,4.896e-06
1,16,12,12,6,1,0,312,2,1,2,64,4.464e-06
1,16,12,12,16,1,1,312,4,1,2,64,4.464e-06
1,16,16,16,96,1,1,213,2,1,3,128,5.312e-06
1,16,24,14,64,1,0,321,2,1,4,256,5.888e-06
1,16,24,24,16,0,1,231,2,1,2,128,4.624e-06
1,16,32,32,6,1,0,231,2,1,2,64,4.032e-06
1,16,32,32,16,0,1,132,2,1,2,256,4.784e-06
1,16,32,32,16,1,1,312,2,1,2,256,5.024e-06
1,16,40,40,32,1,1,312,2,1,4,128,4.736e-06
1,16,48,48,16,1,1,132,2,1,4,128,5.744e-06
1,16,64,64,16,1,1,213,2,1,4,256,6.112e-06
1,16,75,75,32,1,1,231,2,1,8,256,7.04e-06
1,16,112,112,96,1,1,123,2,1,8,64,2.08799e-05
1,20,20,20,60,1,1,213,1,1,2,64,6.256e-06
1,20,20,20,80,1,1,231,2,1,4,128,5.92e-06
1,20,20,20,120,1,1,312,1,1,3,64,6.672e-06
1,24,3,3,144,1,1,132,1,1,2,128,6.016e-06
1,24,4,4,144,0,1,213,1,1,2,256,5.872e-06
1,24,4,4,144,1,1,123,4,1,2,64,5.2e-06
1,24,6,6,24,1,1,123,4,1,2,64,4.992e-06
1,24,8,8,144,1,1,321,1,1,2,64,5.984e-06
1,24,28,28,24,1,1,132,2,1,2,128,5.456e-06
1,24,28,28,48,1,1,231,2,1,3,256,4.896e-06
1,24,56,56,24,1,1,312,1,1,4,256,6.816e-06
1,24,56,56,144,1,1,312,1,1,8,256,1.0592e-05
1,24,64,64,24,1,0,123,1,1,3,256,7.312e-06
1,24,128,128,48,1,1,213,1,1,16,256,1.632e-05
1,28,56,56,168,1,1,312,1,1,7,256,1.4464e-05
1,32,1,1,24,1,0,123,4,1,2,128,4.448e-06
1,32,1,1,36,1,0,123,4,1,2,64,4.656e-06
1,32,1,1,512,1,0,231,4,1,4,64,4.576e-06
1,32,2,2,32,1,1,123,4,1,2,64,4.816e-06
1,32,2,2,48,1,0,213,4,1,2,128,4.112e-06
1,32,3,3,32,1,1,123,4,1,2,128,5.104e-06
1,32,3,3,48,1,0,321,8,1,2,64,4.416e-06
1,32,4,4,32,1,1,321,4,1,2,64,4.784e-06
1,32,4,4,48,1,0,213,4,1,2,64,4.72e-06
1,32,4,4,192,1,1,123,4,1,2,64,5.248e-06
1,32,7,7,32,1,1,132,8,1,2,64,4.608e-06
1,32,20,20,64,1,1,321,4,1,4,128,5.952e-06
1,32,24,14,64,1,0,213,4,1,4,64,5.888e-06
1,32,28,28,192,1,1,123,4,1,16,64,9.68e-06
1,32,38,38,64,1,1,321,4,1,8,64,8.048e-06
1,32,40,40,32,1,1,123,4,1,8,64,7.04e-06
1,32,48,28,2,1,0,231,4,1,2,64,4.816e-06
1,32,48,28,8,1,0,312,4,1,2,64,5.328e-06
1,32,48,28,16,1,0,321,4,1,4,64,5.568e-06
1,32,56,56,32,1,1,123,4,1,8,64,7.728e-06
1,32,56,56,64,1,0,312,4,1,8,128,9.12e-06
1,32,75,75,32,1,1,231,4,1,8,128,9.232e-06
1,36,6,6,8,1,0,312,2,1,2,128,7.984e-06
1,36,16,16,8,1,0,312,2,1,2,64,8.048e-06
1,36,20,20,20,1,0,132,2,1,2,64,7.696e-06
1,36,24,24,8,1,0,123,2,1,2,128,8e-06
1,36,32,32,8,1,0,312,2,1,2,128,8.096e-06
1,36,40,40,12,1,0,123,2,1,2,256,8.144e-06
1,40,10,10,240,1,1,321,2,1,2,64,6.928e-06
1,48,3,3,12,1,0,312,8,1,3,128,5.664e-06
1,48,4,4,128,1,1,321,2,1,2,256,5.904e-06
1,48,4,4,288,0,1,312,2,1,2,128,4.864e-06
1,48,4,4,288,1,1,312,2,1,2,128,5.104e-06
1,48,6,6,8,1,0,321,2,1,2,512,6.16e-06
1,48,8,8,12,1,0,123,8,1,2,64,5.136e-06
1,48,10,10,80,1,1,312,4,1,2,64,5.52e-06
1,48,10,10,288,1,1,321,2,1,4,128,6.656e-06
1,48,12,12,12,1,0,312,4,1,2,64,5.232e-06
1,48,14,14,48,1,1,123,4,1,3,64,5.552e-06
1,48,16,16,8,0,0,321,2,1,2,64,5.824e-06
1,48,16,16,8,1,0,231,2,1,2,64,6.256e-06
1,48,16,16,12,1,0,231,8,1,2,64,5.136e-06
1,48,24,24,8,1,0,321,4,1,2,64,5.472e-06
1,48,28,28,12,1,1,321,4,1,2,64,5.68e-06
1,48,28,28,48,1,1,213,4,1,4,64,7.168e-06
1,48,32,32,8,1,0,132,4,1,2,128,5.696e-06
1,48,32,32,12,1,0,132,4,1,3,128,6.496e-06
1,48,40,40,12,1,0,321,4,1,3,64,6.064e-06
1,60,20,20,20,1,0,123,2,1,2,64,1.0752e-05
1,60,64,200,12,1,1,231,1,1,4,256,1.4528e-05
1,64,1,1,2,1,0,321,8,1,2,64,5.296e-06
1,64,1,1,16,1,0,231,8,1,2,128,5.808e-06
1,64,1,1,52,1,0,123,8,1,2,64,4.864e-06
1,64,1,1,1024,1,0,213,8,1,16,64,8.864e-06
1,64,2,2,16,1,1,123,8,1,2,64,6.416e-06
1,64,2,2,24,1,0,312,4,4,2,64,5.28e-06
1,64,2,2,36,1,0,123,8,1,2,64,5.088e-06
1,64,3,3,24,1,0,213,8,1,2,64,5.088e-06
1,64,3,3,32,1,1,132,8,1,2,64,5.568e-06
1,64,3,3,36,1,0,213,8,1,2,64,5.392e-06
1,64,4,4,384,1,1,132,8,1,3,64,6.736e-06
1,64,10,10,128,1,1,231,8,1,4,64,6.432e-06
1,64,16,16,16,1,1,132,8,1,2,64,5.376e-06
1,64,16,16,48,1,1,213,16,1,3,64,5.84e-06
1,64,19,19,128,1,1,231,8,1,8,64,8.576e-06
1,64,20,20,32,1,1,132,8,1,4,64,6.272e-06
1,64,20,20,64,1,1,321,8,1,4,128,7.296e-06
1,64,20,20,128,1,1,312,8,1,8,64,8.496e-06
1,64,24,14,8,1,0,321,8,1,2,64,5.36e-06
1,64,24,14,16,1,0,321,8,4,2,64,6.016e-06
1,64,24,14,38,1,0,213,8,1,2,64,5.52e-06
1,64,24,14,64,1,1,231,8,1,4,64,7.008e-06
1,64,26,56,256,1,0,132,8,1,8,64,2.3856e-05
1,64,28,28,128,1,1,132,8,1,8,64,1.0512e-05
1,64,28,28,256,1,0,132,8,1,8,64,1.5248e-05
1,64,28,28,384,1,1,213,8,1,8,64,2.1904e-05
1,64,38,38,64,1,1,312,8,1,8,64,1.0208e-05
1,64,40,40,128,1,1,312,8,1,8,64,1.6e-05
1,64,48,27,128,1,1,321,8,1,8,64,1.3392e-05
1,64,57,57,64,1,1,123,8,1,8,64,1.7584e-05
1,64,80,80,256,1,0,132,8,1,8,64,9.0574e-05
1,72,3,3,12,1,0,231,4,1,2,128,8.336e-06
1,72,3,3,24,1,0,132,4,1,2,64,7.584e-06
1,72,4,4,16,0,0,123,4,1,2,64,7.744e-06
1,72,4,4,16,1,0,132,4,1,2,64,7.728e-06
1,72,6,6,16,0,0,312,4,1,2,64,7.952e-06
1,72,6,6,16,1,0,123,4,1,2,64,8.32e-06
1,72,8,8,12,0,0,213,4,1,2,64,7.888e-06
1,72,8,8,12,1,0,123,4,1,2,128,8.496e-06
1,72,8,8,16,1,0,231,4,1,2,128,8.08e-06
1,72,12,12,12,1,0,132,4,1,2,64,7.952e-06
1,72,16,16,12,1,0,213,4,1,2,128,8.192e-06
1,72,16,16,16,1,0,132,4,1,2,128,8.208e-06
1,72,32,32,12,1,0,123,4,1,2,128,8.624e-06
1,76,14,14,456,1,1,123,1,1,2,128,1.5376e-05
1,96,3,3,24,1,0,312,4,2,2,64,6.4e-06
1,96,4,4,16,0,0,321,4,1,2,64,5.952e-06
1,96,4,4,16,1,0,132,4,4,2,64,6.48e-06
1,96,4,4,24,1,0,312,8,1,2,64,5.632e-06
1,96,4,4,128,1,1,321,8,1,2,64,6.016e-06
1,96,5,5,576,1,1,132,4,1,4,64,7.504e-06
1,96,6,6,16,1,0,231,4,4,2,64,6.448e-06
1,96,8,8,16,1,0,321,4,4,2,64,6.368e-06
1,96,8,8,24,1,0,132,8,1,2,64,6.272e-06
1,96,8,8,48,1,1,213,8,1,2,64,5.552e-06
1,96,8,8,64,1,0,123,8,1,2,64,5.712e-06
1,96,14,14,24,1,1,213,8,1,2,64,5.984e-06
1,96,14,14,576,1,1,123,4,1,8,128,1.5696e-05
1,96,16,16,16,1,0,123,8,1,2,64,5.44e-06
1,96,16,16,192,1,0,312,4,1,3,256,8.688e-06
1,96,28,28,192,1,1,312,4,1,8,128,1.4736e-05
1,96,32,32,192,1,1,312,4,1,16,64,1.68e-05
1,96,32,100,96,1,0,123,4,1,16,64,2.3184e-05
1,96,32,100,128,1,0,321,4,1,8,64,2.93439e-05
1,96,56,56,24,1,0,321,4,1,4,128,9.984e-06
1,96,64,64,96,1,1,123,4,1,8,256,2.91839e-05
1,96,64,200,96,1,0,312,4,1,8,128,7.9374e-05
1,104,8,8,48,1,1,123,4,1,2,64,9.936e-06
1,104,8,8,64,1,0,312,4,1,2,64,9.824e-06
1,120,10,10,40,1,0,213,4,1,2,128,1.0704e-05
1,128,1,1,16,1,0,132,2,8,2,128,5.648e-06
1,128,1,1,24,1,0,213,16,1,2,64,6.64e-06
1,128,1,1,42,1,0,312,16,1,2,64,6.64e-06
1,128,1,1,48,1,0,213,16,1,2,64,6.272e-06
1,128,1,1,64,1,1,312,4,4,4,64,7.344e-06
1,128,1,1,108,1,0,213,16,1,2,64,6.624e-06
1,128,1,1,126,1,0,123,16,1,2,64,5.824e-06
1,128,1,1,144,1,0,123,16,1,3,64,6.848e-06
1,128,1,1,546,1,0,231,4,4,7,64,1.0624e-05
1,128,1,1,2048,1,0,312,16,1,8,64,2.1216e-05
1,128,3,3,24,1,0,132,4,4,3,64,6.896e-06
1,128,3,3,78,1,0,213,16,1,2,64,6.624e-06
1,128,3,3,128,1,1,213,16,1,2,64,8.24e-06
1,128,3,3,256,1,1,312,16,1,4,64,7.68e-06
1,128,5,5,24,1,0,312,4,4,2,64,6.608e-06
1,128,5,5,32,1,1,213,16,1,2,64,6.816e-06
1,128,5,5,36,1,0,213,16,1,2,64,6.592e-06
1,128,5,5,78,1,0,123,16,1,2,64,5.92e-06
1,128,5,5,128,1,1,132,16,1,2,64,6.752e-06
1,128,5,5,256,1,1,123,16,1,4,64,7.856e-06
1,128,7,7,64,1,1,213,16,1,2,64,6.352e-06
1,128,10,10,24,1,0,132,16,1,2,64,6.72e-06
1,128,10,10,78,1,0,312,16,1,3,64,7.2e-06
1,128,10,10,128,1,1,321,16,1,4,64,8.144e-06
1,128,10,10,256,1,1,231,16,1,8,64,1.056e-05
1,128,13,28,512,1,0,213,8,2,8,64,3.3503e-05
1,128,14,14,256,1,1,213,16,1,8,64,1.4928e-05
1,128,16,16,128,1,0,321,16,1,8,64,9.408e-06
1,128,16,50,160,1,1,132,4,4,8,64,2.3568e-05
1,128,19,19,12,1,0,123,16,1,2,64,6.864e-06
1,128,19,19,18,1,0,123,16,1,2,64,7.008e-06
1,128,19,19,128,1,1,321,4,4,16,64,1.2912e-05
1,128,19,19,256,1,1,132,16,1,8,64,1.8656e-05
1,128,20,15,24,1,1,231,16,1,2,64,7.264e-06
1,128,20,15,32,1,1,312,16,1,2,64,8.048e-06
1,128,20,15,128,1,1,231,4,4,8,64,1.1936e-05
1,128,20,20,24,1,0,231,16,1,3,64,7.36e-06
1,128,20,20,78,1,0,123,16,1,3,64,1.3344e-05
1,128,20,20,256,1,1,132,4,4,8,64,2.0512e-05
1,128,24,14,64,1,1,213,16,1,8,64,9.44e-06
1,128,24,14,256,1,1,132,4,4,8,64,1.8704e-05
1,128,28,28,96,1,0,231,4,4,8,64,1.6048e-05
1,128,28,28,128,1,1,123,4,4,16,64,2.1088e-05
1,128,28,28,256,1,0,123,4,4,16,64,3.2607e-05
1,128,32,32,120,1,0,123,8,2,8,128,2.696e-05
1,128,38,38,256,1,1,123,4,4,16,64,5.5407e-05
1,128,40,40,128,1,1,123,4,4,16,64,3.3423e-05
1,128,40,40,512,1,0,123,8,2,16,64,0.000115197
1,128,48,27,128,1,1,321,4,4,8,128,2.89433e-05
1,128,56,56,128,1,1,321,4,4,8,128,6.0303e-05
1,128,56,56,256,1,0,321,4,4,8,64,0.000107806
1,144,2,2,32,1,0,312,8,1,2,64,7.056e-06
1,144,3,3,24,1,0,312,8,1,2,64,8.464e-06
1,144,3,3,32,0,0,213,4,1,2,64,7.712e-06
1,144,3,3,32,1,0,312,4,1,2,64,8.08e-06
1,144,4,4,24,1,0,321,8,1,2,64,8.304e-06
1,144,4,4,32,0,0,213,4,1,2,64,7.84e-06
1,144,4,4,32,1,0,213,4,1,2,64,8e-06
1,144,8,8,24,1,0,123,4,1,2,64,8.976e-06
1,144,28,28,32,1,0,213,4,1,4,64,9.952e-06
1,144,56,56,24,1,0,312,2,1,4,128,1.2592e-05
1,160,5,5,80,1,1,321,8,1,2,64,7.312e-06
1,160,7,7,960,1,1,123,4,1,3,64,1.552e-05
1,160,16,50,160,1,1,132,4,1,8,64,1.9792e-05
1,168,28,28,38,1,0,312,4,1,2,128,1.52e-05
1,192,4,4,32,1,0,231,8,1,2,64,6.944e-06
1,192,4,4,48,0,0,231,16,1,2,64,6.56e-06
1,192,4,4,48,1,0,123,8,1,2,64,6.288e-06
1,192,7,7,1152,1,1,123,8,2,4,64,2.2288e-05
1,192,14,14,384,1,1,132,2,4,8,256,2.0784e-05
1,192,16,16,384,1,1,123,4,2,8,256,2.22559e-05
1,192,28,28,16,1,1,321,8,1,2,128,7.424e-06
1,192,28,28,32,1,1,132,8,1,8,64,8.4e-06
1,192,28,28,64,1,1,321,8,1,16,64,1.1744e-05
1,192,28,28,96,1,0,231,2,4,8,128,1.7088e-05
1,192,28,28,96,1,1,312,4,2,8,64,1.6432e-05
1,192,28,28,128,1,0,132,8,1,8,128,2.0784e-05
1,192,32,32,192,1,1,132,4,2,8,256,3.4239e-05
1,192,56,56,128,1,1,231,4,2,16,64,6.1711e-05
1,228,14,14,76,1,0,231,2,1,2,128,3.19031e-05
1,228,28,28,38,1,0,231,2,1,2,128,3.14875e-05
1,240,10,10,40,1,0,123,8,1,2,64,1.1168e-05
1,240,10,10,48,1,0,132,8,1,2,64,1.096e-05
1,240,20,20,128,1,1,321,2,1,4,256,1.5872e-05
1,256,1,1,16,1,0,132,4,8,2,64,6.784e-06
1,256,1,1,48,1,0,213,8,4,3,64,7.216e-06
1,256,1,1,64,1,1,231,8,4,4,64,7.52e-06
1,256,2,2,16,1,0,231,8,4,2,64,7.776e-06
1,256,2,2,24,1,0,321,4,8,3,128,7.424e-06
1,256,2,2,42,1,0,312,8,4,3,64,8.976e-06
1,256,2,2,48,1,0,312,8,4,3,64,7.376e-06
1,256,2,2,64,1,1,213,8,4,4,64,7.76e-06
1,256,2,2,108,1,0,213,8,4,4,64,8.848e-06
1,256,2,2,126,1,0,312,8,4,7,64,9.152e-06
1,256,2,2,128,1,1,123,8,4,4,64,8.944e-06
1,256,2,2,144,1,0,312,8,4,16,64,9.44e-06
1,256,2,2,150,1,0,312,16,2,5,64,9.568e-06
1,256,2,2,546,1,0,231,8,4,7,64,1.5328e-05
1,256,3,3,24,1,0,132,4,8,3,64,7.264e-06
1,256,3,3,42,1,0,213,16,2,3,64,9.136e-06
1,256,3,3,108,1,0,123,16,2,4,64,9.44e-06
1,256,3,3,126,1,0,213,4,8,7,64,8.336e-06
1,256,3,3,128,1,1,312,8,4,4,128,8.416e-06
1,256,3,3,144,1,0,123,8,4,4,64,9.392e-06
1,256,3,3,150,1,0,213,8,4,5,64,8.336e-06
1,256,3,3,256,1,1,132,8,4,8,64,9.856e-06
1,256,3,3,546,1,0,231,8,4,7,64,1.6096e-05
1,256,4,4,128,1,1,231,8,4,4,64,7.68e-06
1,256,5,5,24,1,0,123,8,4,2,64,7.328e-06
1,256,5,5,128,1,1,312,8,4,4,64,9.248e-06
1,256,5,5,150,1,0,213,16,2,5,64,9.392e-06
1,256,5,5,256,1,1,321,8,4,8,64,1.088e-05
1,256,7,7,128,1,1,213,8,4,4,64,9.088e-06
1,256,10,8,128,1,1,231,8,4,8,128,1.1008e-05
1,256,10,10,24,1,0,321,8,4,3,64,7.312e-06
1,256,10,10,36,1,0,213,8,4,4,64,8.384e-06
1,256,10,10,64,1,1,321,8,4,4,64,9.28e-06
1,256,10,10,150,1,0,213,8,4,5,64,1.2144e-05
1,256,10,10,256,1,1,123,8,4,8,128,1.5792e-05
1,256,10,10,512,1,1,213,8,4,8,64,2.5664e-05
1,256,14,14,192,1,0,123,8,4,8,128,2.0192e-05
1,256,14,14,256,1,1,213,8,4,8,64,2.55518e-05
1,256,14,14,512,1,0,123,4,8,8,128,4.2735e-05
1,256,14,14,1024,1,0,213,8,4,8,64,7.8318e-05
1,256,16,16,30,1,0,123,8,4,5,64,7.744e-06
1,256,16,16,60,1,0,132,8,4,5,64,1.0736e-05
1,256,19,19,24,1,0,213,8,4,4,64,9.808e-06
1,256,19,19,150,1,0,213,8,4,5,64,2.5584e-05
1,256,19,19,256,1,1,123,8,4,8,64,3.5535e-05
1,256,19,19,512,1,1,123,4,8,8,128,6.2911e-05
1,256,20,20,256,1,1,123,8,4,8,64,3.9343e-05
1,256,20,20,1024,1,0,123,4,8,16,64,0.000130781
1,256,24,14,128,1,1,132,8,4,8,128,2.0432e-05
1,256,24,14,256,1,1,132,8,4,8,128,3.4815e-05
1,256,24,14,512,1,1,123,4,8,16,128,6.2687e-05
1,256,24,60,128,1,1,321,4,8,8,64,5.5999e-05
1,256,26,56,64,1,1,321,4,8,8,64,2.92952e-05
1,256,28,28,32,1,1,231,4,8,8,64,1.3792e-05
1,256,28,28,64,1,1,231,4,8,8,64,2.1232e-05
1,256,28,28,128,1,1,123,4,8,8,64,3.2767e-05
1,256,28,28,256,1,1,312,8,4,8,64,6.8063e-05
1,256,28,28,512,1,0,132,8,4,8,64,0.000120909
1,256,30,90,128,1,1,132,8,4,8,64,0.000104494
1,256,38,38,12,1,0,132,8,4,4,64,1.2304e-05
1,256,38,38,256,1,0,132,8,4,8,64,0.000110862
1,256,38,38,256,1,1,132,8,4,8,64,0.000112093
1,256,50,90,128,1,1,231,8,4,8,128,0.000169932
1,256,56,56,128,1,1,132,8,4,8,64,0.000116125
1,256,56,56,256,1,0,132,8,4,8,64,0.000221579
1,256,56,56,256,1,1,132,8,4,8,64,0.000223035
1,256,56,56,512,1,1,132,8,4,8,64,0.00043775
1,256,80,80,64,1,1,321,8,4,8,128,0.000120285
1,256,84,84,60,1,0,312,8,4,5,64,0.000136541
1,288,4,4,48,0,0,213,8,1,2,64,8.224e-06
1,288,4,4,48,1,0,321,8,1,2,64,8.368e-06
1,288,4,4,64,1,0,132,8,1,2,64,8.432e-06
1,288,5,5,96,1,0,132,8,1,2,64,9.952e-06
1,288,10,10,48,1,0,312,8,1,2,64,9.008e-06
1,288,28,28,48,1,1,231,4,1,3,256,1.424e-05
1,288,28,28,96,1,1,213,1,4,8,64,2.1328e-05
1,320,7,7,1280,1,1,312,8,1,5,128,3.5823e-05
1,384,4,4,96,1,0,321,8,2,3,64,8.704e-06
1,384,7,7,768,1,1,123,8,4,4,64,2.744e-05
1,384,7,7,2304,1,1,213,8,4,4,64,6.8079e-05
1,384,8,8,768,1,1,312,4,4,3,64,2.91518e-05
1,384,14,14,96,1,0,213,2,8,8,128,1.4e-05
1,384,14,14,192,1,0,123,2,8,8,256,2.208e-05
1,384,14,14,256,1,0,123,2,8,8,256,2.5904e-05
1,384,16,16,384,1,1,123,4,4,8,256,3.6431e-05
1,384,28,28,64,1,0,231,4,4,8,128,2.224e-05
1,384,28,28,96,1,1,213,4,4,8,64,3.00798e-05
1,456,14,14,76,1,0,132,4,1,2,64,3.2783e-05
1,480,14,14,16,1,1,321,8,1,2,64,1.2992e-05
1,480,14,14,64,1,1,123,8,1,4,64,1.5248e-05
1,480,14,14,96,1,1,231,2,2,3,256,1.6992e-05
1,480,14,14,192,1,1,123,1,4,3,128,2.4576e-05
1,480,28,28,96,1,1,132,4,1,8,64,3.3151e-05
1,480,28,28,192,1,1,213,2,2,8,64,5.7407e-05
1,512,1,1,32,1,0,213,8,8,4,64,7.984e-06
1,512,3,3,16,1,0,312,8,8,2,64,7.52e-06
1,512,3,3,48,1,0,132,16,4,3,64,9.12e-06
1,512,3,3,128,1,1,312,16,4,8,64,1.1584e-05
1,512,5,5,24,1,0,321,8,8,3,64,8.304e-06
1,512,5,5,42,1,0,213,8,8,3,64,8.032e-06
1,512,5,5,108,1,0,123,16,4,4,64,1.1872e-05
1,512,5,5,126,1,0,213,8,8,7,64,1.192e-05
1,512,5,5,128,1,1,213,8,8,8,64,1.1728e-05
1,512,5,5,144,1,0,213,8,8,8,64,1.1904e-05
1,512,5,5,256,1,0,312,16,4,8,64,1.744e-05
1,512,5,5,546,1,0,213,8,8,7,64,2.74719e-05
1,512,5,5,1024,1,1,312,8,8,8,64,4.4911e-05
1,512,7,7,384,1,0,213,8,8,8,64,2.21599e-05
1,512,7,7,1024,1,0,312,8,8,8,64,4.5103e-05
1,512,7,7,2048,1,0,213,8,8,8,64,8.3854e-05
1,512,10,10,12,1,0,132,8,8,3,64,8.384e-06
1,512,10,10,36,1,0,123,8,8,3,64,9.328e-06
1,512,10,10,128,1,1,213,8,8,8,128,1.728e-05
1,512,10,10,512,1,1,213,4,16,8,64,4.4495e-05
1,512,10,10,1024,1,1,123,4,16,8,64,7.9438e-05
1,512,10,10,2048,1,0,123,8,8,8,64,0.000153901
1,512,12,30,256,1,1,123,8,8,8,64,6.3759e-05
1,512,13,28,128,1,1,123,8,8,8,128,3.6863e-05
1,512,14,14,24,1,1,312,16,4,3,64,1.168e-05
1,512,14,14,32,1,1,213,16,4,8,64,1.1792e-05
1,512,14,14,64,1,1,213,16,4,8,64,1.6816e-05
1,512,14,14,112,1,1,213,8,8,8,64,2.4432e-05
1,512,14,14,128,1,1,213,16,4,8,64,2.74719e-05
1,512,14,14,144,1,1,123,4,16,8,64,2.80959e-05
1,512,14,14,160,1,1,213,8,8,8,64,3.1375e-05
1,512,14,14,192,1,1,213,8,8,8,64,3.6031e-05
1,512,14,14,256,1,0,123,8,8,8,64,4.4687e-05
1,512,14,14,256,1,1,213,4,16,8,64,4.3151e-05
1,512,14,14,512,1,1,213,4,16,8,64,7.7742e-05
1,512,14,14,1024,1,0,123,8,8,8,128,0.000152349
1,512,15,45,20,1,0,231,8,8,5,64,1.6304e-05
1,512,15,45,30,1,0,213,8,8,5,64,2.2656e-05
1,512,15,45,80,1,0,123,8,8,8,64,4.1743e-05
1,512,15,45,256,1,1,123,8,8,8,64,0.000112109
1,512,19,19,12,1,0,321,16,4,3,64,1.0032e-05
1,512,19,19,54,1,0,321,8,8,3,128,2.4672e-05
1,512,19,19,72,1,0,123,8,8,8,64,2.41439e-05
1,512,19,19,256,1,0,123,8,8,8,64,6.3247e-05
1,512,19,19,512,1,1,123,8,8,8,64,0.000117805
1,512,24,14,128,1,1,231,8,8,8,128,3.5711e-05
1,512,28,28,128,1,1,132,8,8,8,64,6.8127e-05
1,512,28,28,256,1,1,132,8,8,8,64,0.000127613
1,512,28,28,512,1,1,132,8,8,8,64,0.000246202
1,512,28,28,1024,1,1,132,8,8,8,64,0.000481029
1,512,40,40,128,1,1,132,8,8,8,64,0.000120573
1,512,40,40,256,1,1,132,8,8,8,64,0.000232267
1,512,50,90,32,1,0,321,8,8,8,64,8.6462e-05
1,512,50,90,48,1,0,321,8,8,8,64,0.000130765
1,512,50,90,144,1,0,321,8,8,8,128,0.000399447
1,528,14,14,32,1,1,132,8,1,2,64,2.024e-05
1,528,14,14,128,1,1,213,2,2,2,64,2.4224e-05
1,528,14,14,160,1,1,123,2,1,2,64,2.8384e-05
1,528,14,14,256,1,1,123,1,4,4,256,3.00954e-05
1,576,5,5,96,1,0,321,8,1,2,64,1.0992e-05
1,576,5,5,160,1,0,213,8,1,2,64,1.2144e-05
1,576,7,7,160,1,0,123,4,2,2,64,1.3328e-05
1,576,14,14,96,1,1,213,2,4,3,64,1.6736e-05
1,576,14,14,160,1,1,123,1,8,8,256,2.3104e-05
1,576,14,14,192,1,1,123,1,8,8,256,2.376e-05
1,608,14,14,96,1,1,312,2,4,3,64,1.9632e-05
1,608,14,14,128,1,1,213,1,4,4,64,2.1424e-05
1,608,14,14,160,1,1,312,2,2,5,64,2.36799e-05
1,768,7,7,384,1,0,123,8,8,4,64,2.75359e-05
1,768,7,7,512,1,0,312,8,8,4,64,3.4767e-05
1,768,8,8,768,1,1,312,8,8,4,64,5.6463e-05
1,832,7,7,32,1,1,312,8,4,2,64,1.2256e-05
1,832,7,7,48,1,1,312,4,4,2,64,1.2832e-05
1,832,7,7,128,1,1,321,2,4,2,256,1.4112e-05
1,832,7,7,160,1,1,123,2,4,2,128,1.66399e-05
1,832,7,7,192,1,1,231,2,4,4,256,1.7664e-05
1,832,7,7,256,1,1,213,2,4,2,64,1.9488e-05
1,832,7,7,384,1,1,321,1,8,2,64,2.7632e-05
1,864,14,14,64,1,1,231,1,4,2,256,2.216e-05
1,864,14,14,96,1,1,123,1,8,4,256,2.5136e-05
1,864,14,14,128,1,1,321,1,4,4,128,2.72e-05
1,864,14,14,224,1,1,312,1,4,7,64,3.5455e-05
1,960,7,7,128,1,1,312,4,8,2,64,1.65279e-05
1,960,7,7,160,1,0,123,1,8,2,128,1.9056e-05
1,960,7,7,160,1,1,312,1,8,2,64,1.8608e-05
1,960,7,7,192,1,1,123,1,8,2,64,1.984e-05
1,960,7,7,320,1,0,123,1,8,2,64,2.7136e-05
1,960,7,7,352,1,1,213,1,8,2,64,2.98234e-05
1,1024,1,1,64,1,0,213,16,8,8,64,1.1712e-05
1,1024,1,1,1000,1,0,213,8,16,5,64,8.1454e-05
1,1024,4,4,2048,1,0,312,8,16,8,64,0.000156716
1,1024,5,5,16,1,0,213,16,8,2,64,9.328e-06
1,1024,5,5,48,1,0,132,16,8,3,64,1.1984e-05
1,1024,5,5,256,1,1,123,8,16,8,64,2.88479e-05
1,1024,5,5,1024,1,1,123,8,16,8,64,8.6542e-05
1,1024,7,7,128,1,1,312,16,8,8,64,1.92959e-05
1,1024,7,7,192,1,1,213,8,16,4,64,2.3952e-05
1,1024,7,7,512,1,0,213,8,16,8,64,4.9631e-05
1,1024,7,7,512,1,1,312,8,16,8,64,4.8783e-05
1,1024,7,7,1024,1,1,213,8,16,8,64,8.6798e-05
1,1024,7,7,2048,1,0,213,8,16,8,64,0.000161804
1,1024,10,10,24,1,0,321,16,8,3,64,1.2128e-05
1,1024,10,10,42,1,0,213,8,16,7,64,1.5488e-05
1,1024,10,10,108,1,0,123,16,8,4,64,2.9695e-05
1,1024,10,10,126,1,0,123,8,16,7,64,2.95838e-05
1,1024,10,10,144,1,0,123,8,16,8,128,3.1807e-05
1,1024,10,10,256,1,0,123,8,16,8,64,4.7599e-05
1,1024,10,10,546,1,0,123,8,16,7,64,9.3006e-05
1,1024,10,10,1024,1,1,123,8,16,8,64,0.0001567
1,1024,14,14,256,1,1,123,8,16,8,128,8.4094e-05
1,1024,14,14,512,1,1,123,8,16,8,128,0.000157244
1,1024,14,14,1024,1,1,123,8,16,8,128,0.000303289
1,1024,14,14,2048,1,1,123,8,16,8,128,0.00059485
1,1024,19,19,256,1,1,123,8,16,8,64,0.000128397
1,1024,20,20,64,1,0,231,8,16,8,128,4.2847e-05
1,1024,20,20,512,1,1,312,8,16,8,64,0.000288745
1,1152,7,7,192,1,0,321,2,8,3,128,2.1424e-05
1,1152,7,7,384,1,0,213,2,8,3,64,3.6095e-05
1,1280,1,1,1000,1,0,132,16,2,2,64,9.1566e-05
1,2048,1,1,128,1,0,213,16,16,8,64,2.97278e-05
1,2048,4,4,1024,1,1,312,16,16,8,64,0.000166828
1,2048,7,7,512,1,1,123,16,16,8,64,9.2654e-05
1,2048,7,7,1024,1,1,123,16,16,8,64,0.000174348
1,2048,7,7,2048,1,1,123,16,16,8,64,0.000338568
1,2048,10,10,256,1,0,123,16,16,8,64,9.1614e-05
1,2048,10,10,512,1,1,123,16,16,8,64,0.000171372
1,2304,7,7,384,1,0,123,4,8,4,64,7.5662e-05
2,8,6,6,48,1,1,312,2,1,2,128,4.4e-06
2,8,12,12,48,0,1,231,1,1,2,512,4.352e-06
2,8,16,16,48,0,1,213,1,1,2,128,3.488e-06
2,8,24,24,48,0,1,132,1,1,3,64,5.12e-06
2,8,64,64,48,1,1,123,1,1,4,256,7.232e-06
2,8,80,80,16,1,1,312,1,1,4,256,5.76e-06
2,8,150,150,16,1,1,312,1,1,16,256,1.2464e-05
2,12,8,8,72,1,1,321,2,1,3,128,5.584e-06
2,12,12,12,72,1,1,231,1,1,2,256,4.944e-06
2,12,40,40,36,1,1,321,1,1,4,256,5.216e-06
2,16,1,1,256,1,0,321,2,1,2,128,3.888e-06
2,16,4,4,96,0,1,312,2,1,3,256,4.656e-06
2,16,4,4,96,1,1,132,2,1,3,64,4.816e-06
2,16,6,6,96,1,1,321,2,1,3,128,4.848e-06
2,16,8,8,96,1,1,321,2,1,3,256,4.784e-06
2,16,12,12,6,1,0,213,4,1,2,64,4.672e-06
2,16,12,12,16,1,1,321,2,1,2,256,4.576e-06
2,16,16,16,96,1,1,132,2,1,3,128,5.968e-06
2,16,24,14,64,1,0,321,2,1,2,256,6.496e-06
2,16,24,24,8,0,0,132,2,4,2,64,4.928e-06
2,16,24,24,16,0,1,231,2,1,2,128,4.832e-06
2,16,32,32,16,1,1,123,2,1,2,256,4.736e-06
2,16,40,40,32,1,1,132,2,1,8,64,6.816e-06
2,16,48,48,16,1,1,132,2,1,4,64,6.208e-06
2,16,64,64,16,1,1,213,2,1,4,256,7.216e-06
2,16,75,75,32,1,1,132,2,1,16,128,8.96e-06
2,16,80,80,16,1,0,321,2,1,8,128,6.88e-06
2,16,104,224,64,1,0,231,2,1,8,256,4.2831e-05
2,20,20,20,60,1,1,123,1,1,3,128,6.736e-06
2,20,20,20,80,1,1,312,2,1,5,128,6.464e-06
2,20,20,20,120,1,1,123,1,1,3,256,7.344e-06
2,24,3,3,144,1,1,312,1,1,2,64,6.048e-06
2,24,4,4,144,0,1,231,1,1,2,64,5.68e-06
2,24,4,4,144,1,1,213,4,1,2,64,5.184e-06
2,24,6,6,24,1,1,213,4,1,2,64,4.832e-06
2,24,8,8,144,1,1,321,1,1,2,128,5.68e-06
2,24,56,56,144,1,1,321,1,1,8,256,1.5568e-05
2,24,128,128,48,1,1,312,1,1,4,1024,3.3935e-05
2,28,56,56,168,1,1,312,1,1,7,256,2.1648e-05
2,32,1,1,24,1,0,213,4,1,2,64,4.768e-06
2,32,1,1,512,1,0,213,4,1,4,64,5.888e-06
2,32,2,2,32,1,1,312,4,1,2,128,4.864e-06
2,32,2,2,48,1,0,123,4,1,2,64,3.872e-06
2,32,3,3,32,1,1,312,4,1,2,64,4.384e-06
2,32,3,3,48,0,0,312,4,1,2,64,3.776e-06
2,32,3,3,48,1,0,321,4,1,2,64,4.544e-06
2,32,4,4,32,1,1,213,4,1,2,64,4.736e-06
2,32,4,4,48,1,0,213,4,1,2,64,4.496e-06
2,32,4,4,192,1,1,123,4,1,2,64,5.072e-06
2,32,7,7,32,1,1,231,4,1,2,64,4.688e-06
2,32,20,20,64,1,1,321,4,1,4,64,6.56e-06
2,32,24,14,64,1,0,312,4,1,4,128,6.608e-06
2,32,28,28,192,1,1,321,4,1,8,64,1.288e-05
2,32,38,38,64,1,1,312,4,1,16,64,8.72e-06
2,32,40,40,32,1,1,321,4,1,8,64,7.888e-06
2,32,48,28,2,1,0,213,4,1,2,128,5.312e-06
2,32,48,28,8,1,0,132,4,1,4,64,6.944e-06
2,32,48,28,16,1,0,321,4,1,4,64,6.64e-06
2,32,52,112,128,1,0,321,4,1,8,64,3.8911e-05
2,32,56,56,32,1,1,312,4,1,8,128,9.648e-06
2,32,56,56,64,1,0,231,4,1,8,64,1.464e-05
2,32,64,64,8,1,0,231,4,1,8,128,6.992e-06
2,32,75,75,32,1,1,231,8,1,8,128,1.4096e-05
2,32,80,80,64,1,1,231,4,1,8,64,2.58718e-05
2,32,96,54,64,1,1,321,4,1,8,64,2.1152e-05
2,32,112,112,64,1,1,312,4,1,8,64,4.4927e-05
2,36,6,6,8,1,0,321,2,1,2,64,7.68e-06
2,36,16,16,8,1,0,132,2,1,2,256,8.128e-06
2,36,20,20,20,1,0,123,2,1,2,128,7.888e-06
2,36,24,24,8,1,0,123,2,1,2,128,8.048e-06
2,36,32,32,8,1,0,312,2,1,2,128,8.128e-06
2,36,40,40,12,1,0,132,1,1,3,64,8.736e-06
2,40,10,10,240,1,1,312,2,1,4,256,6.848e-06
2,48,3,3,12,1,0,123,1,4,2,1024,5.728e-06
2,48,4,4,128,1,1,312,2,1,2,256,5.744e-06
2,48,4,4,288,0,1,312,2,1,2,64,6.096e-06
2,48,4,4,288,1,1,321,2,1,2,128,6.352e-06
2,48,6,6,8,1,0,321,2,1,2,64,6.24e-06
2,48,8,8,12,1,0,213,4,1,2,64,5.04e-06
2,48,10,10,80,1,1,321,2,1,2,128,6.256e-06
2,48,10,10,288,1,1,213,2,1,4,128,7.712e-06
2,48,14,14,48,1,1,321,4,1,3,128,6.208e-06
2,48,16,16,8,0,0,132,2,1,2,64,5.696e-06
2,48,16,16,8,1,0,231,2,1,2,64,6.016e-06
2,48,16,16,12,1,0,321,4,1,2,64,4.432e-06
2,48,24,24,8,1,0,321,4,1,2,64,5.44e-06
2,48,28,28,48,1,1,312,2,1,4,128,8.064e-06
2,48,64,64,96,1,1,213,2,1,16,128,2.69599e-05
2,60,20,20,20,1,0,213,2,1,2,128,1.0912e-05
2,64,1,1,2,1,0,231,8,1,2,64,5.424e-06
2,64,1,1,16,1,0,213,1,8,2,64,5.248e-06
2,64,1,1,1024,1,0,321,8,1,16,64,8.96e-06
2,64,2,2,16,1,1,213,8,1,2,64,6.4e-06
2,64,2,2,24,1,0,132,8,1,2,64,5.52e-06
2,64,2,2,36,1,0,213,8,1,2,64,4.64e-06
2,64,3,3,24,1,0,312,8,1,2,64,5.568e-06
2,64,3,3,32,1,1,123,8,1,2,64,5.68e-06
2,64,3,3,36,1,0,132,8,1,2,64,5.488e-06
2,64,4,4,384,1,1,321,8,1,3,64,6.848e-06
2,64,10,10,128,1,1,312,8,1,8,64,7.344e-06
2,64,16,16,16,1,1,123,8,1,2,64,5.712e-06
2,64,16,16,48,1,1,213,8,1,3,64,5.52e-06
2,64,19,19,128,1,1,132,8,1,8,64,1.0544e-05
2,64,20,20,32,1,1,321,8,1,4,128,7.168e-06
2,64,20,20,64,1,1,312,8,1,8,64,8.672e-06
2,64,20,20,128,1,1,321,8,1,8,64,1.0896e-05
2,64,24,14,8,1,0,321,8,1,2,64,5.632e-06
2,64,24,14,16,1,0,231,8,1,2,64,6.24e-06
2,64,24,14,38,1,0,132,8,1,2,64,8.416e-06
2,64,24,14,64,1,1,231,8,1,8,64,8.368e-06
2,64,26,56,256,1,0,123,8,1,8,64,4.1439e-05
2,64,28,28,128,1,1,321,8,1,8,64,1.512e-05
2,64,28,28,256,1,0,312,8,1,8,64,2.49277e-05
2,64,28,28,384,1,1,213,8,1,8,64,3.6047e-05
2,64,38,38,64,1,1,312,8,1,8,64,1.536e-05
2,64,40,40,128,1,1,213,8,1,8,64,2.6448e-05
2,64,48,27,128,1,1,321,8,1,8,64,2.2144e-05
2,64,56,56,128,1,1,123,8,1,8,64,4.8079e-05
2,64,57,57,64,1,1,231,8,1,8,64,2.7856e-05
2,64,80,80,64,1,1,321,8,1,8,64,4.9295e-05
2,64,80,80,256,1,0,312,8,1,8,128,0.000202795
2,64,120,360,32,1,1,312,8,1,8,64,0.000145149
2,72,3,3,12,1,0,312,4,1,2,64,8.48e-06
2,72,3,3,24,1,0,213,4,1,2,64,7.568e-06
2,72,4,4,16,1,0,213,4,1,2,64,7.776e-06
2,72,6,6,12,0,0,321,4,1,2,64,7.616e-06
2,72,6,6,16,0,0,312,4,1,2,64,7.504e-06
2,72,6,6,16,1,0,132,4,1,2,64,7.968e-06
2,72,8,8,12,0,0,312,4,1,2,64,7.872e-06
2,72,8,8,12,1,0,132,4,1,2,64,8.208e-06
2,72,8,8,16,1,0,123,4,1,2,64,7.92e-06
2,72,12,12,12,1,0,213,4,1,2,64,8e-06
2,72,16,16,12,1,0,132,4,1,2,64,8.624e-06
2,72,16,16,16,1,0,213,4,1,2,64,8.256e-06
2,72,32,32,12,1,0,123,2,1,2,128,9.504e-06
2,76,14,14,456,1,1,123,1,1,4,512,1.8272e-05
2,96,3,3,24,1,0,321,2,4,2,64,5.856e-06
2,96,4,4,16,0,0,312,8,1,2,64,5.232e-06
2,96,4,4,16,1,0,123,4,1,2,64,5.888e-06
2,96,4,4,24,1,0,213,4,1,2,64,6.272e-06
2,96,4,4,128,1,1,213,8,1,2,64,5.968e-06
2,96,5,5,576,1,1,123,4,1,2,64,8.16e-06
2,96,6,6,16,1,0,312,8,1,2,64,5.904e-06
2,96,6,6,24,0,0,213,8,1,2,64,5.424e-06
2,96,8,8,16,1,0,231,8,1,2,64,6.464e-06
2,96,8,8,24,1,0,123,4,1,2,64,6.08e-06
2,96,8,8,48,1,1,231,8,1,3,64,6.208e-06
2,96,8,8,64,1,0,132,8,1,2,64,6.128e-06
2,96,14,14,24,1,1,132,4,1,3,64,6.656e-06
2,96,14,14,576,1,1,213,4,1,8,256,2.6656e-05
2,96,16,16,16,1,0,132,8,1,2,64,6.048e-06
2,96,16,16,192,1,0,312,4,1,8,128,1.1456e-05
2,96,28,28,192,1,1,312,4,1,8,128,2.4176e-05
2,96,32,32,192,1,1,123,4,1,8,256,2.94719e-05
2,96,32,100,96,1,0,321,4,1,8,64,4.2111e-05
2,96,32,100,128,1,0,312,4,1,16,64,4.5391e-05
2,96,56,56,24,1,0,312,4,1,8,128,1.31519e-05
2,96,64,64,96,1,1,213,4,1,16,128,6.1167e-05
2,104,8,8,48,1,1,213,4,1,2,64,1.0032e-05
2,104,8,8,64,1,0,213,4,1,2,64,9.696e-06
2,120,10,10,40,1,0,132,1,1,2,64,1.1536e-05
2,128,1,1,16,1,0,123,4,4,2,64,6.512e-06
2,128,1,1,24,1,0,123,16,1,2,64,6.656e-06
2,128,1,1,42,1,0,132,4,4,2,64,5.776e-06
2,128,1,1,48,1,0,231,16,1,2,64,6.864e-06
2,128,1,1,64,1,1,321,16,1,2,64,6.256e-06
2,128,1,1,108,1,0,312,16,1,2,64,5.872e-06
2,128,1,1,126,1,0,123,16,1,2,64,6.896e-06
2,128,1,1,144,1,0,123,16,1,2,64,7.104e-06
2,128,1,1,546,1,0,213,16,1,3,64,1.2256e-05
2,128,1,1,2048,1,0,231,16,1,8,64,2.2416e-05
2,128,3,3,24,1,0,123,8,2,2,64,6.72e-06
2,128,3,3,78,1,0,123,16,1,2,64,6.704e-06
2,128,3,3,128,1,1,231,16,1,2,64,7.04e-06
2,128,3,3,256,1,1,132,16,1,4,64,7.888e-06
2,128,5,5,24,1,0,132,8,2,2,64,6.784e-06
2,128,5,5,32,1,1,213,16,1,2,64,6.704e-06
2,128,5,5,36,1,0,123,4,4,2,64,5.776e-06
2,128,5,5,128,1,1,123,16,1,2,64,7.2e-06
2,128,5,5,256,1,1,231,16,1,4,64,7.776e-06
2,128,7,7,64,1,1,312,16,1,2,64,8.64e-06
2,128,10,10,24,1,0,231,16,1,3,64,6.864e-06
2,128,10,10,78,1,0,213,16,1,3,64,9.088e-06
2,128,10,10,128,1,1,312,16,1,8,64,1.0832e-05
2,128,10,10,256,1,1,213,16,1,8,64,1.4448e-05
2,128,13,28,512,1,0,123,4,4,16,64,5.4463e-05
2,128,14,14,256,1,1,123,16,1,8,64,2.2912e-05
2,128,16,16,128,1,0,132,16,1,8,64,1.312e-05
2,128,16,50,160,1,1,321,4,4,8,64,3.9871e-05
2,128,19,19,12,1,0,321,16,1,3,64,7.36e-06
2,128,19,19,18,1,0,312,16,1,3,64,7.904e-06
2,128,19,19,128,1,1,123,16,1,8,64,1.888e-05
2,128,19,19,256,1,1,123,4,4,8,64,3.1935e-05
2,128,20,15,24,1,1,213,16,1,4,64,7.808e-06
2,128,20,15,32,1,1,321,16,1,4,64,9.264e-06
2,128,20,15,128,1,1,132,4,4,8,64,1.7056e-05
2,128,20,20,24,1,0,312,8,2,8,64,9.232e-06
2,128,20,20,256,1,1,132,16,1,8,64,3.5439e-05
2,128,24,14,64,1,1,231,16,1,4,64,1.3344e-05
2,128,24,14,256,1,1,213,16,1,8,64,3.2447e-05
2,128,28,28,96,1,0,312,16,1,8,64,2.58239e-05
2,128,28,28,128,1,1,132,8,2,8,64,3.4863e-05
2,128,28,28,256,1,0,123,8,2,8,64,6.1343e-05
2,128,32,32,120,1,0,231,8,2,8,128,5.3023e-05
2,128,38,38,256,1,1,132,8,2,8,64,0.000109822
2,128,40,40,128,1,1,312,4,4,8,64,5.97589e-05
2,128,40,40,512,1,0,312,4,4,8,64,0.000217947
2,128,48,27,128,1,1,132,8,2,8,64,5.2303e-05
2,128,48,120,64,1,1,321,4,4,16,64,9.5214e-05
2,128,52,112,32,1,1,321,4,4,16,64,5.5471e-05
2,128,56,56,128,1,1,312,4,4,8,64,0.000111053
2,128,56,56,256,1,0,321,8,2,8,64,0.000220315
2,128,60,180,64,1,1,321,16,1,8,64,0.000189116
2,144,2,2,32,1,0,123,8,1,2,128,7.696e-06
2,144,3,3,24,1,0,231,4,1,2,64,8.352e-06
2,144,3,3,32,0,0,312,8,1,2,64,7.744e-06
2,144,3,3,32,1,0,321,8,1,2,64,8.032e-06
2,144,4,4,24,1,0,123,8,1,2,64,8.352e-06
2,144,4,4,32,0,0,231,4,1,2,64,7.968e-06
2,144,4,4,32,1,0,123,8,1,2,64,8.192e-06
2,144,8,8,24,1,0,123,8,1,2,64,8.304e-06
2,144,28,28,32,1,0,321,4,1,8,128,1.1456e-05
2,144,56,56,24,1,0,321,2,1,8,128,1.704e-05
2,160,5,5,80,1,1,213,16,1,2,64,6.416e-06
2,160,7,7,960,1,1,321,4,1,8,128,2.056e-05
2,160,16,50,160,1,1,321,4,1,5,256,3.3887e-05
2,168,28,28,38,1,0,321,2,1,2,256,1.6288e-05
2,192,4,4,32,1,0,123,4,4,2,128,7.056e-06
2,192,4,4,48,0,0,123,8,1,2,64,6.416e-06
2,192,4,4,48,1,0,321,8,1,2,64,6.352e-06
2,192,7,7,1152,1,1,213,8,1,4,128,3.2639e-05
2,192,14,14,384,1,1,213,8,1,8,128,3.2591e-05
2,192,16,16,384,1,1,213,8,1,8,128,3.4063e-05
2,192,28,28,16,1,1,321,8,1,8,64,8.72e-06
2,192,28,28,32,1,1,132,8,1,8,128,1.1632e-05
2,192,28,28,64,1,0,321,8,1,8,64,1.768e-05
2,192,28,28,96,1,0,132,4,2,8,128,2.7728e-05
2,192,28,28,128,1,0,132,4,2,8,128,3.5471e-05
2,192,32,32,192,1,1,123,4,2,8,256,6.3855e-05
2,192,56,56,128,1,1,321,8,1,8,128,0.000115053
2,228,14,14,76,1,0,132,2,1,2,64,3.2335e-05
2,228,28,28,38,1,0,312,2,1,2,128,3.3071e-05
2,240,10,10,40,1,0,123,8,1,2,64,1.2064e-05
2,240,10,10,48,1,0,213,4,1,3,64,1.2288e-05
2,240,20,20,128,1,1,231,1,2,8,128,2.2112e-05
2,256,1,1,16,1,0,123,4,8,2,64,7.008e-06
2,256,1,1,48,1,0,312,8,4,3,64,7.52e-06
2,256,1,1,64,1,1,312,8,4,4,64,7.776e-06
2,256,2,2,16,1,0,132,4,8,2,64,5.92e-06
2,256,2,2,24,1,0,123,8,4,2,64,7.504e-06
2,256,2,2,42,1,0,123,8,4,3,64,7.408e-06
2,256,2,2,48,1,0,231,8,4,3,64,7.488e-06
2,256,2,2,64,1,1,123,8,4,4,64,8.928e-06
2,256,2,2,108,1,0,213,8,4,3,64,8.672e-06
2,256,2,2,126,1,0,312,8,4,7,64,8.992e-06
2,256,2,2,128,1,1,321,8,4,4,64,8.96e-06
2,256,2,2,144,1,0,312,8,4,8,64,9.6e-06
2,256,2,2,150,1,0,213,8,4,5,64,9.056e-06
2,256,2,2,546,1,0,132,8,4,7,64,1.5264e-05
2,256,3,3,24,1,0,321,8,4,3,64,7.536e-06
2,256,3,3,42,1,0,213,8,4,3,64,7.888e-06
2,256,3,3,108,1,0,213,16,2,4,64,9.232e-06
2,256,3,3,126,1,0,213,8,4,7,64,9.056e-06
2,256,3,3,128,1,1,123,8,4,4,64,9.184e-06
2,256,3,3,144,1,0,123,8,4,4,64,9.648e-06
2,256,3,3,150,1,0,123,16,2,5,64,9.504e-06
2,256,3,3,256,1,1,312,8,4,8,64,1.1056e-05
2,256,3,3,546,1,0,132,4,8,7,64,1.59199e-05
2,256,4,4,128,1,1,312,16,2,4,64,8.144e-06
2,256,5,5,24,1,0,213,8,4,2,64,7.296e-06
2,256,5,5,128,1,1,213,8,4,4,64,9.296e-06
2,256,5,5,150,1,0,123,16,2,5,64,9.664e-06
2,256,5,5,256,1,1,123,8,4,8,64,1.1104e-05
2,256,7,7,128,1,1,321,8,4,8,128,1.0816e-05
2,256,10,8,128,1,1,312,8,4,8,64,1.3424e-05
2,256,10,10,24,1,0,312,8,4,4,64,7.76e-06
2,256,10,10,36,1,0,213,8,4,4,64,9.664e-06
2,256,10,10,64,1,1,321,8,4,8,64,1.0816e-05
2,256,10,10,150,1,0,132,4,8,5,64,1.808e-05
2,256,10,10,256,1,1,231,8,4,8,128,2.5968e-05
2,256,10,10,512,1,1,123,4,8,8,128,4.3487e-05
2,256,14,14,192,1,0,123,8,4,8,64,3.1343e-05
2,256,14,14,256,1,1,123,8,4,8,64,3.9135e-05
2,256,14,14,512,1,0,123,8,4,8,64,7.05749e-05
2,256,16,16,30,1,0,123,8,4,5,64,1.0704e-05
2,256,16,16,60,1,0,123,8,4,5,64,1.5152e-05
2,256,19,19,24,1,0,321,8,4,8,64,1.1936e-05
2,256,19,19,150,1,0,132,8,4,5,64,4.5375e-05
2,256,19,19,256,1,1,123,8,4,8,128,6.24309e-05
2,256,19,19,512,1,1,123,8,4,16,64,0.000118301
2,256,20,20,256,1,1,123,4,8,8,64,5.8831e-05
2,256,20,20,1024,1,0,213,4,8,8,64,0.000236138
2,256,24,14,128,1,1,123,8,4,8,64,3.2063e-05
2,256,24,14,256,1,1,123,8,4,8,64,5.5951e-05
2,256,24,14,512,1,1,123,8,4,8,64,0.000104654
2,256,24,60,128,1,1,321,8,4,8,64,0.000108062
2,256,26,56,64,1,1,321,4,8,16,64,5.4831e-05
2,256,28,28,32,1,1,231,8,4,8,64,2.0576e-05
2,256,28,28,64,1,1,321,4,8,8,64,3.1455e-05
2,256,28,28,128,1,0,321,4,8,16,64,6.3455e-05
2,256,28,28,512,1,0,132,8,4,8,64,0.000225163
2,256,30,90,128,1,1,231,8,4,16,64,0.000202379
2,256,38,38,12,1,0,132,8,4,4,64,1.96159e-05
2,256,38,38,256,1,1,132,8,4,8,64,0.000213995
2,256,50,90,128,1,1,321,8,4,8,64,0.0003262
2,256,56,56,128,1,1,321,4,8,16,64,0.000223739
2,256,56,56,256,1,0,312,4,8,8,64,0.000428646
2,256,80,80,64,1,1,321,4,8,16,64,0.000228987
2,256,80,80,128,1,1,231,8,4,16,64,0.000458917
2,256,84,84,60,1,0,231,8,4,5,64,0.000266666
2,288,4,4,48,0,0,132,8,1,2,64,8.336e-06
2,288,4,4,48,1,0,312,8,1,2,64,8.48e-06
2,288,4,4,64,1,0,213,8,1,2,64,8.576e-06
2,288,5,5,96,1,0,132,8,1,3,64,9.552e-06
2,288,10,10,48,1,0,132,8,1,3,64,9.584e-06
2,288,28,28,48,1,1,213,4,1,8,64,1.92319e-05
2,288,28,28,96,1,1,123,1,4,16,256,3.4831e-05
2,320,7,7,1280,1,1,123,8,1,5,128,5.1631e-05
2,384,4,4,96,1,0,132,16,1,2,64,8.192e-06
2,384,7,7,768,1,1,123,2,8,8,128,4.1839e-05
2,384,7,7,2304,1,1,132,8,2,8,128,0.000101262
2,384,8,8,768,1,1,132,8,2,8,128,4.0927e-05
2,384,14,14,96,1,0,231,4,4,4,256,2.1424e-05
2,384,14,14,192,1,0,123,2,8,8,256,3.4511e-05
2,384,14,14,256,1,0,123,4,4,8,256,4.2319e-05
2,384,16,16,384,1,1,123,4,4,8,256,6.1343e-05
2,384,28,28,64,1,0,231,4,4,16,64,3.2799e-05
2,384,28,28,96,1,1,213,16,1,8,64,5.1439e-05
2,456,14,14,76,1,0,312,2,1,2,256,3.5359e-05
2,480,14,14,16,1,1,312,8,1,2,64,1.3856e-05
2,480,14,14,64,1,1,321,4,1,4,128,1.6864e-05
2,480,14,14,96,1,1,123,1,4,8,256,2.368e-05
2,480,14,14,192,1,1,123,1,4,8,256,3.3071e-05
2,480,28,28,96,1,1,213,1,4,16,64,5.2495e-05
2,480,28,28,192,1,1,213,4,1,8,256,9.9966e-05
2,512,1,1,32,1,0,321,8,8,4,64,8.032e-06
2,512,3,3,16,1,0,321,8,8,2,64,7.952e-06
2,512,3,3,48,1,0,123,16,4,3,64,9.152e-06
2,512,3,3,128,1,1,123,16,4,8,64,1.1504e-05
2,512,5,5,24,1,0,321,8,8,3,64,8.336e-06
2,512,5,5,42,1,0,213,16,4,3,64,9.2e-06
2,512,5,5,108,1,0,213,16,4,4,64,1.1776e-05
2,512,5,5,126,1,0,123,8,8,7,64,1.208e-05
2,512,5,5,128,1,1,213,16,4,8,64,1.1744e-05
2,512,5,5,144,1,0,213,8,8,4,64,1.2368e-05
2,512,5,5,256,1,0,312,16,4,8,64,1.752e-05
2,512,5,5,546,1,0,213,8,8,7,64,2.9136e-05
2,512,5,5,1024,1,1,312,8,8,8,64,4.6463e-05
2,512,7,7,384,1,0,213,8,8,8,64,3.5375e-05
2,512,7,7,1024,1,0,213,8,8,8,64,8.2734e-05
2,512,7,7,1024,1,1,123,8,8,8,64,8.1358e-05
2,512,7,7,2048,1,0,123,8,8,8,64,0.000152717
2,512,10,10,12,1,0,123,16,4,3,64,9.36e-06
2,512,10,10,36,1,0,123,16,4,3,64,1.4112e-05
2,512,10,10,128,1,1,123,4,16,8,64,2.6384e-05
2,512,10,10,512,1,1,123,4,16,8,128,8.0702e-05
2,512,10,10,1024,1,1,213,4,16,8,64,0.000146509
2,512,10,10,2048,1,0,213,4,16,8,64,0.000283657
2,512,12,30,256,1,1,123,8,8,8,64,0.000122045
2,512,13,28,128,1,1,231,8,8,8,128,6.4991e-05
2,512,14,14,32,1,1,312,16,4,8,64,1.6816e-05
2,512,14,14,64,1,1,231,8,8,8,64,2.3776e-05
2,512,14,14,112,1,1,123,8,8,8,64,3.6959e-05
2,512,14,14,128,1,1,231,8,8,8,128,3.9391e-05
2,512,14,14,144,1,1,123,8,8,8,64,4.4511e-05
2,512,14,14,160,1,1,123,8,8,8,64,4.8527e-05
2,512,14,14,192,1,1,123,8,8,8,64,5.6783e-05
2,512,14,14,256,1,0,123,8,8,8,64,7.2526e-05
2,512,14,14,1024,1,0,213,4,16,8,64,0.000262522
2,512,15,45,20,1,0,231,8,8,5,64,2.5824e-05
2,512,15,45,30,1,0,231,8,8,5,64,3.5311e-05
2,512,15,45,80,1,0,132,8,8,16,64,7.25261e-05
2,512,15,45,256,1,1,132,8,8,16,64,0.000217051
2,512,19,19,12,1,0,312,8,8,4,64,1.328e-05
2,512,19,19,54,1,0,321,8,8,3,128,4.3519e-05
2,512,19,19,72,1,0,123,8,8,8,64,4.0703e-05
2,512,19,19,256,1,0,123,8,8,8,64,0.000120109
2,512,19,19,512,1,1,123,8,8,8,64,0.000235307
2,512,24,14,128,1,1,123,8,8,8,64,6.0207e-05
2,512,28,28,256,1,1,132,8,8,16,64,0.00024041
2,512,28,28,512,1,1,132,8,8,8,64,0.000454245
2,512,28,28,1024,1,1,132,8,8,8,64,0.000897867
2,512,40,40,128,1,1,132,8,8,8,64,0.000234571
2,512,40,40,256,1,1,132,8,8,8,64,0.000461493
2,512,50,90,32,1,0,321,8,8,8,64,0.000162412
2,512,50,90,48,1,0,321,8,8,8,64,0.000251978
2,512,50,90,144,1,0,321,8,8,8,128,0.000767102
2,528,14,14,32,1,1,231,8,1,2,128,2.1424e-05
2,528,14,14,128,1,1,213,2,1,4,128,3.07356e-05
2,528,14,14,160,1,1,312,2,1,5,256,3.3599e-05
2,528,14,14,256,1,1,123,1,2,8,512,4.3359e-05
2,576,5,5,96,1,0,123,4,4,3,64,1.12e-05
2,576,5,5,160,1,0,213,4,2,2,64,1.4176e-05
2,576,7,7,160,1,0,123,4,2,5,128,1.5152e-05
2,576,14,14,96,1,1,132,1,8,8,256,2.464e-05
2,576,14,14,128,1,1,312,8,1,8,128,2.72478e-05
2,576,14,14,160,1,1,213,2,4,8,64,3.5935e-05
2,576,14,14,192,1,1,213,2,4,16,64,4.0271e-05
2,608,14,14,128,1,1,132,1,4,8,512,2.832e-05
2,608,14,14,160,1,1,213,1,4,8,64,3.6975e-05
2,768,7,7,384,1,0,123,4,8,8,128,4.0719e-05
2,768,7,7,512,1,0,123,8,4,8,128,5.2127e-05
2,768,8,8,768,1,1,123,4,8,8,128,7.6078e-05
2,832,7,7,32,1,1,123,4,4,2,128,1.3328e-05
2,832,7,7,48,1,1,213,4,4,2,64,1.424e-05
2,832,7,7,128,1,1,321,2,4,4,128,1.752e-05
2,832,7,7,160,1,1,213,2,4,4,64,1.9952e-05
2,832,7,7,192,1,1,123,2,4,4,128,2.1888e-05
2,832,7,7,256,1,1,213,2,4,8,64,2.68e-05
2,832,7,7,384,1,1,213,8,1,8,128,4.3807e-05
2,864,14,14,64,1,1,312,4,1,4,128,2.6896e-05
2,864,14,14,96,1,1,321,1,4,4,256,3.5999e-05
2,864,14,14,128,1,1,132,1,4,8,512,3.5759e-05
2,864,14,14,224,1,1,213,4,1,8,256,6.07509e-05
2,960,7,7,128,1,1,123,1,8,4,128,1.9984e-05
2,960,7,7,192,1,1,213,1,8,4,64,2.472e-05
2,960,7,7,320,1,0,132,2,4,5,128,4.0783e-05
2,960,7,7,352,1,1,213,1,8,4,64,4.4639e-05
2,1024,1,1,64,1,1,213,16,8,8,64,1.2112e-05
2,1024,1,1,1000,1,0,213,8,16,8,64,8.2846e-05
2,1024,4,4,2048,1,0,312,8,16,8,64,0.000158028
2,1024,5,5,16,1,0,312,16,8,2,64,9.328e-06
2,1024,5,5,48,1,0,123,16,8,3,64,1.0976e-05
2,1024,5,5,256,1,1,123,8,16,4,64,2.98237e-05
2,1024,5,5,1024,1,1,123,8,16,8,64,8.9294e-05
2,1024,7,7,128,1,1,213,8,16,8,64,3.10073e-05
2,1024,7,7,192,1,1,123,8,16,8,128,3.8799e-05
2,1024,7,7,352,1,1,123,8,16,8,64,6.1183e-05
2,1024,7,7,512,1,0,123,8,16,8,64,8.547e-05
2,1024,7,7,1024,1,1,123,8,16,8,64,0.000158188
2,1024,7,7,2048,1,0,123,8,16,8,64,0.000302489
2,1024,10,10,24,1,0,213,8,16,8,64,1.60799e-05
2,1024,10,10,42,1,0,213,16,8,7,64,2.2064e-05
2,1024,10,10,108,1,0,123,8,16,4,64,4.4799e-05
2,1024,10,10,126,1,0,123,8,16,7,64,4.9471e-05
2,1024,10,10,144,1,0,123,8,16,8,128,5.2239e-05
2,1024,10,10,256,1,0,213,8,16,8,64,8.4414e-05
2,1024,10,10,256,1,1,123,8,16,8,128,8.4766e-05
2,1024,10,10,546,1,0,123,8,16,7,64,0.000176716
2,1024,10,10,1024,1,1,123,8,16,8,128,0.000304105
2,1024,14,14,256,1,1,213,8,16,8,64,0.000151181
2,1024,14,14,512,1,1,213,8,16,8,64,0.000292089
2,1024,14,14,1024,1,1,213,8,16,8,64,0.000571378
2,1024,19,19,256,1,1,123,8,16,16,64,0.000258074
2,1024,20,20,64,1,0,231,8,16,8,64,7.2654e-05
2,1024,20,20,256,1,1,312,8,16,8,64,0.000269114
2,1024,20,20,512,1,1,312,8,16,8,64,0.000531203
2,1152,7,7,192,1,0,213,2,8,8,128,2.8848e-05
2,1152,7,7,384,1,0,132,4,4,8,128,5.6159e-05
2,1280,1,1,1000,1,0,123,8,4,2,64,9.6174e-05
2,2048,1,1,128,1,0,213,16,16,8,64,2.95839e-05
2,2048,4,4,1024,1,1,123,16,16,8,64,0.000168108
2,2048,7,7,512,1,1,123,16,16,8,64,0.000170844
2,2048,7,7,1024,1,1,123,16,16,8,64,0.000331288
2,2048,10,10,256,1,0,123,16,16,8,64,0.000175404
2,2048,10,10,512,1,1,123,16,16,8,64,0.000336248
2,2304,7,7,384,1,0,123,8,4,8,128,9.3646e-05
4,8,6,6,48,1,1,213,1,1,2,256,4.432e-06
4,8,12,12,48,0,1,312,1,1,3,512,4.512e-06
4,8,16,16,48,0,1,312,1,1,3,512,4.752e-06
4,8,24,24,48,0,1,312,1,1,4,256,5.328e-06
4,8,64,64,48,1,1,132,1,1,16,256,1.1104e-05
4,8,80,80,16,1,1,123,1,1,8,512,8.064e-06
4,16,1,1,256,1,0,312,4,1,4,128,5.12e-06
4,16,4,4,96,0,1,321,4,1,2,64,3.664e-06
4,16,4,4,96,1,1,231,2,1,3,128,4.592e-06
4,16,6,6,96,1,1,312,2,1,3,64,5.28e-06
4,16,8,8,96,1,1,321,2,1,2,128,5.216e-06
4,16,12,12,16,1,1,321,2,1,2,64,3.888e-06
4,16,24,14,64,1,0,213,2,1,8,128,6.128e-06
4,16,24,24,16,0,1,321,2,1,2,64,5.424e-06
4,16,32,32,16,0,1,132,2,1,4,256,5.84e-06
4,16,32,32,16,1,1,132,4,1,4,128,6.16e-06
4,16,104,224,64,1,0,231,2,1,8,256,8.1118e-05
4,16,112,112,96,1,1,312,2,1,8,128,6.7279e-05
4,20,20,20,60,1,1,321,1,1,3,256,6.672e-06
4,20,20,20,120,1,1,321,1,1,4,256,7.632e-06
4,24,3,3,144,1,1,213,1,1,2,64,6.208e-06
4,24,4,4,144,0,1,123,1,1,2,1024,5.712e-06
4,24,8,8,144,1,1,231,1,1,2,256,5.936e-06
4,24,56,56,24,1,1,312,2,1,8,128,9.568e-06
4,24,56,56,144,1,1,231,1,1,16,256,2.78079e-05
4,24,128,128,48,1,1,231,1,1,3,1024,6.56789e-05
4,28,56,56,168,1,1,312,1,1,7,256,3.8671e-05
4,32,1,1,512,1,0,213,4,1,4,64,5.792e-06
4,32,2,2,32,1,1,312,4,1,2,64,4.88e-06
4,32,2,2,48,1,0,321,4,1,2,128,4.912e-06
4,32,3,3,32,1,1,321,4,1,2,64,4.928e-06
4,32,3,3,48,0,0,132,4,1,2,64,4.448e-06
4,32,3,3,48,1,0,312,4,1,2,64,4.608e-06
4,32,4,4,32,1,1,321,4,1,2,64,4.896e-06
4,32,4,4,48,1,0,321,4,1,2,128,4.848e-06
4,32,4,4,192,1,1,231,4,1,2,64,5.44e-06
4,32,7,7,32,1,1,321,4,1,2,64,5.232e-06
4,32,20,20,64,1,1,312,4,1,8,64,7.648e-06
4,32,24,14,64,1,0,123,4,1,8,64,7.392e-06
4,32,40,40,32,1,1,231,4,1,8,64,9.568e-06
4,32,48,28,16,1,0,312,4,1,8,128,6.688e-06
4,32,64,64,32,1,1,321,4,1,8,128,2.008e-05
4,32,96,54,64,1,1,312,4,1,16,64,4.2847e-05
4,32,112,112,64,1,1,231,4,1,8,64,8.6062e-05
4,32,150,150,64,1,1,321,4,1,8,128,0.000150973
4,36,40,40,12,1,0,312,1,1,3,128,9.008e-06
4,40,10,10,240,1,1,213,1,1,4,128,8.48e-06
4,48,4,4,128,1,1,312,2,1,2,256,6.752e-06
4,48,4,4,288,0,1,231,2,1,2,128,6.272e-06
4,48,4,4,288,1,1,231,2,1,2,128,6.384e-06
4,48,6,6,8,1,0,231,2,1,2,64,6.368e-06
4,48,10,10,80,1,1,123,2,1,4,128,7.024e-06
4,48,10,10,288,1,1,213,2,1,8,128,9.36e-06
4,48,14,14,48,1,1,312,2,1,3,128,7.072e-06
4,48,16,16,8,0,0,123,2,1,2,64,5.616e-06
4,48,16,16,8,1,0,213,2,1,2,128,6.032e-06
4,48,28,28,48,1,1,312,4,1,8,64,9.904e-06
4,60,20,20,20,1,0,213,2,1,2,128,1.1968e-05
4,64,1,1,16,1,0,321,8,1,2,64,6.096e-06
4,64,1,1,1024,1,0,213,8,1,16,64,8.832e-06
4,64,2,2,16,1,1,321,8,1,2,64,5.376e-06
4,64,3,3,32,1,1,231,2,4,2,64,5.344e-06
4,64,4,4,384,1,1,213,8,1,3,64,6.944e-06
4,64,10,10,128,1,1,321,8,1,8,128,8.544e-06
4,64,16,16,16,1,1,213,8,1,4,64,6.192e-06
4,64,16,16,48,1,1,123,8,1,8,64,9.392e-06
4,64,19,19,128,1,1,312,8,1,8,128,1.6576e-05
4,64,20,20,32,1,1,312,8,1,8,64,8.496e-06
4,64,20,20,64,1,1,132,8,1,8,64,1.0784e-05
4,64,20,20,128,1,1,231,8,1,8,64,1.6432e-05
4,64,24,14,16,1,0,312,8,1,4,64,6.688e-06
4,64,24,14,64,1,1,312,8,1,8,64,1.0048e-05
4,64,26,56,256,1,0,321,8,1,8,64,7.8382e-05
4,64,28,28,128,1,1,213,8,1,8,64,2.552e-05
4,64,28,28,256,1,0,123,8,1,8,64,4.4559e-05
4,64,32,32,128,1,1,123,8,1,16,64,4.0927e-05
4,64,38,38,64,1,1,132,8,1,8,64,2.5952e-05
4,64,40,40,128,1,1,312,8,1,8,64,4.6063e-05
4,64,56,56,64,1,0,231,8,1,8,64,4.5599e-05
4,64,56,56,64,1,1,312,8,1,16,64,5.4159e-05
4,64,56,56,256,1,1,321,8,1,16,64,0.000196843
4,64,80,80,64,1,1,312,8,1,8,64,9.259e-05
4,64,200,360,32,1,1,312,8,1,8,64,0.000468581
4,72,3,3,12,1,0,123,4,1,2,64,8.176e-06
4,72,6,6,12,0,0,132,4,1,2,64,7.568e-06
4,72,6,6,16,0,0,321,4,1,2,64,7.488e-06
4,72,8,8,12,0,0,213,4,1,2,128,7.904e-06
4,72,8,8,12,1,0,123,4,1,2,128,8.144e-06
4,72,12,12,12,1,0,123,2,1,2,128,8.256e-06
4,72,16,16,12,1,0,321,4,1,2,64,8e-06
4,76,14,14,456,1,1,123,1,1,8,1024,2.58558e-05
4,80,64,200,96,1,1,231,2,1,16,64,0.000216603
4,96,4,4,16,0,0,312,1,8,2,512,5.856e-06
4,96,4,4,16,1,0,123,8,1,2,64,5.84e-06
4,96,4,4,128,1,1,321,8,1,2,64,6.368e-06
4,96,5,5,576,1,1,123,4,1,8,128,1.1296e-05
4,96,6,6,16,1,0,321,4,1,2,64,5.904e-06
4,96,6,6,24,0,0,123,8,1,2,64,5.84e-06
4,96,8,8,16,1,0,132,8,1,2,64,5.888e-06
4,96,8,8,48,1,1,312,8,1,4,64,6.528e-06
4,96,8,8,64,1,0,231,8,1,2,128,6.88e-06
4,96,16,16,16,1,0,132,4,1,2,64,6.8e-06
4,96,16,16,192,1,0,213,4,1,8,64,1.5504e-05
4,96,28,28,192,1,1,123,4,1,8,128,4.0687e-05
4,96,32,32,192,1,1,123,4,1,16,128,5.5087e-05
4,96,56,56,24,1,0,321,4,1,8,64,2.304e-05
4,96,64,200,96,1,0,132,4,1,32,64,0.000291753
4,128,1,1,16,1,0,132,4,4,2,64,5.76e-06
4,128,1,1,48,1,0,123,16,1,2,64,6.16e-06
4,128,1,1,64,1,1,123,16,1,2,64,6.368e-06
4,128,1,1,144,1,0,123,16,1,3,64,6.8e-06
4,128,1,1,2048,1,0,213,16,1,8,64,2.2976e-05
4,128,3,3,128,1,1,312,16,1,2,64,7.888e-06
4,128,3,3,256,1,1,231,16,1,4,64,8.704e-06
4,128,5,5,32,1,1,231,16,1,2,64,6.864e-06
4,128,5,5,128,1,1,312,16,1,4,64,7.968e-06
4,128,5,5,256,1,1,321,16,1,8,64,9.568e-06
4,128,7,7,64,1,1,123,16,1,4,64,7.968e-06
4,128,10,10,24,1,0,312,16,1,3,64,7.136e-06
4,128,10,10,128,1,1,312,4,4,8,64,1.3856e-05
4,128,10,10,256,1,1,123,16,1,8,64,2.29919e-05
4,128,13,28,512,1,0,123,4,4,16,64,0.000102366
4,128,14,14,256,1,1,123,4,4,16,64,3.3647e-05
4,128,16,16,128,1,0,123,16,1,8,64,2.1376e-05
4,128,16,50,160,1,1,312,4,4,8,64,7.3534e-05
4,128,19,19,128,1,1,123,4,4,8,64,3.2031e-05
4,128,19,19,256,1,1,123,8,2,8,64,5.92469e-05
4,128,20,15,32,1,1,321,8,2,8,64,1.1376e-05
4,128,20,15,128,1,1,321,4,4,16,64,2.7248e-05
4,128,20,20,78,1,0,213,16,1,3,64,3.07352e-05
4,128,20,20,256,1,1,312,4,4,8,64,5.9391e-05
4,128,24,14,64,1,1,132,16,1,8,64,1.816e-05
4,128,24,14,256,1,1,123,4,4,16,64,5.0911e-05
4,128,28,28,96,1,0,312,4,4,8,64,4.5391e-05
4,128,28,28,128,1,1,312,16,1,8,64,6.2079e-05
4,128,28,28,256,1,0,321,16,1,8,64,0.000115165
4,128,28,28,256,1,1,132,8,2,8,64,0.000114317
4,128,28,28,512,1,0,123,16,1,8,64,0.000223163
4,128,32,32,120,1,0,132,8,2,8,128,8.4078e-05
4,128,32,32,128,1,1,132,4,4,16,64,8.4894e-05
4,128,40,40,512,1,0,321,4,4,8,64,0.000469125
4,128,48,120,64,1,1,312,4,4,8,64,0.000199499
4,128,52,112,32,1,1,312,16,1,8,64,0.000105326
4,128,75,75,128,1,1,321,4,4,16,64,0.000376807
4,128,100,180,64,1,1,312,4,4,8,64,0.000598482
4,144,2,2,32,1,0,132,8,1,2,64,7.568e-06
4,144,3,3,24,1,0,123,8,1,2,64,8.24e-06
4,144,3,3,32,0,0,213,8,1,2,64,7.664e-06
4,144,3,3,32,1,0,312,8,1,2,64,7.888e-06
4,144,4,4,24,1,0,132,8,1,2,64,8.384e-06
4,144,4,4,32,0,0,123,8,1,2,64,8.016e-06
4,144,4,4,32,1,0,312,8,1,2,64,8.144e-06
4,144,8,8,24,1,0,123,4,1,2,128,8.88e-06
4,144,28,28,32,1,0,213,2,1,8,64,1.4048e-05
4,160,5,5,80,1,1,312,8,2,5,64,8.368e-06
4,160,7,7,960,1,1,213,4,1,8,256,2.8272e-05
4,160,16,50,160,1,1,213,4,1,16,128,5.4719e-05
4,168,28,28,38,1,0,231,1,1,2,1024,2.1328e-05
4,192,4,4,32,1,0,132,8,1,2,64,6.864e-06
4,192,4,4,48,0,0,321,16,1,2,64,6.96e-06
4,192,4,4,48,1,0,123,8,1,2,64,6.16e-06
4,192,7,7,1152,1,1,132,2,4,8,256,4.9711e-05
4,192,14,14,384,1,1,123,4,2,8,128,5.8447e-05
4,192,16,16,384,1,1,132,8,1,8,128,5.9055e-05
4,192,28,28,16,1,1,123,8,1,8,128,1.2432e-05
4,192,28,28,32,1,1,312,8,1,8,128,1.9088e-05
4,192,28,28,64,1,0,231,8,1,8,64,2.93119e-05
4,192,28,28,96,1,0,312,8,1,8,64,4.5327e-05
4,192,28,28,128,1,0,132,4,2,8,64,6.13909e-05
4,192,32,32,128,1,1,132,4,2,8,256,8.1694e-05
4,192,32,32,192,1,1,132,4,2,16,128,0.000121773
4,228,14,14,76,1,0,312,2,1,2,512,3.2735e-05
4,228,28,28,38,1,0,312,1,1,2,512,3.5519e-05
4,240,10,10,40,1,0,213,4,1,4,64,1.3072e-05
4,240,10,10,48,1,0,132,4,1,3,128,1.3472e-05
4,240,20,20,128,1,1,312,2,1,8,128,3.4031e-05
4,256,1,1,16,1,0,231,8,4,2,64,7.056e-06
4,256,1,1,16,1,1,312,2,16,4,128,7.664e-06
4,256,1,1,48,1,0,321,8,4,3,64,7.504e-06
4,256,1,1,64,1,1,132,8,4,4,64,8.096e-06
4,256,2,2,16,1,0,312,4,8,2,128,7.376e-06
4,256,2,2,24,1,0,312,8,4,3,64,7.664e-06
4,256,2,2,42,1,0,213,8,4,2,64,8.048e-06
4,256,2,2,48,1,0,321,8,4,3,64,7.424e-06
4,256,2,2,64,1,1,213,8,4,4,64,6.672e-06
4,256,2,2,108,1,0,132,8,4,3,64,9.2e-06
4,256,2,2,128,1,1,123,8,4,4,64,9.296e-06
4,256,2,2,144,1,0,123,8,4,4,64,9.456e-06
4,256,2,2,546,1,0,312,8,4,7,64,1.6128e-05
4,256,3,3,128,1,1,312,8,4,4,64,9.568e-06
4,256,3,3,144,1,0,123,8,4,8,64,9.696e-06
4,256,3,3,256,1,0,312,8,4,8,64,1.112e-05
4,256,3,3,256,1,1,132,8,4,8,64,1.0944e-05
4,256,4,4,128,1,1,123,8,4,4,64,9.296e-06
4,256,5,5,128,1,1,123,8,4,8,64,9.808e-06
4,256,5,5,256,1,1,123,8,4,8,128,1.6064e-05
4,256,7,7,128,1,1,123,8,4,8,128,1.5824e-05
4,256,10,8,128,1,1,312,8,4,8,64,1.832e-05
4,256,10,10,24,1,0,213,8,4,8,64,1.0176e-05
4,256,10,10,36,1,0,321,8,4,4,128,1.1952e-05
4,256,10,10,64,1,1,213,8,4,8,128,1.6096e-05
4,256,10,10,150,1,0,213,8,4,5,64,2.8448e-05
4,256,10,10,256,1,1,123,8,4,8,64,4.0015e-05
4,256,10,10,512,1,1,213,4,8,8,64,6.8543e-05
4,256,14,14,192,1,0,132,8,4,8,64,5.3103e-05
4,256,14,14,256,1,1,213,4,8,8,64,6.73109e-05
4,256,14,14,512,1,0,132,8,4,16,64,0.000125757
4,256,14,14,512,1,1,123,8,4,8,64,0.000124045
4,256,14,14,1024,1,0,123,8,4,8,64,0.000237402
4,256,16,16,60,1,0,123,8,4,5,64,2.41599e-05
4,256,19,19,24,1,0,312,8,4,8,64,1.6624e-05
4,256,19,19,150,1,0,231,8,4,5,64,8.2942e-05
4,256,19,19,256,1,1,132,8,4,16,64,0.000113581
4,256,20,20,256,1,1,312,8,4,8,64,0.000125597
4,256,20,20,1024,1,0,132,8,4,8,64,0.000448709
4,256,24,14,128,1,1,312,4,8,8,64,5.2271e-05
4,256,24,14,256,1,1,132,8,4,8,64,0.00010123
4,256,24,14,512,1,1,132,8,4,16,64,0.000197403
4,256,26,56,64,1,1,231,8,4,8,64,0.000108558
4,256,28,28,32,1,1,321,8,4,8,64,3.3759e-05
4,256,28,28,64,1,1,321,4,8,8,64,5.5535e-05
4,256,28,28,128,1,1,132,8,4,8,64,0.000116781
4,256,28,28,256,1,1,312,4,8,8,64,0.000221083
4,256,28,28,512,1,0,132,8,4,16,64,0.000449141
4,256,30,90,128,1,1,312,4,8,8,64,0.000386919
4,256,50,90,128,1,1,312,4,8,8,64,0.000631121
4,256,56,56,64,1,1,321,4,8,16,64,0.000199243
4,256,56,56,128,1,1,321,8,4,8,64,0.000442582
4,256,56,56,256,1,1,321,4,8,8,64,0.00090049
4,256,80,80,64,1,1,321,8,4,8,128,0.000453333
4,256,84,84,60,1,0,321,8,4,5,64,0.000502132
4,288,4,4,48,0,0,312,8,1,2,64,8.368e-06
4,288,4,4,48,1,0,312,8,1,2,64,8.704e-06
4,288,4,4,64,1,0,123,8,1,2,64,8.704e-06
4,288,5,5,96,1,0,213,8,1,4,64,1.04e-05
4,288,10,10,48,1,0,312,8,1,3,128,1.2464e-05
4,288,28,28,48,1,1,132,2,2,16,128,3.1727e-05
4,288,28,28,96,1,1,132,2,2,16,128,5.35509e-05
4,320,7,7,1280,1,1,132,8,1,8,128,8.067e-05
4,320,16,16,512,1,1,123,4,2,8,256,0.000118205
4,384,4,4,96,1,0,123,4,4,3,64,8.992e-06
4,384,7,7,768,1,1,132,4,4,8,256,6.1407e-05
4,384,7,7,2304,1,1,123,4,4,8,256,0.000165052
4,384,8,8,768,1,1,123,4,4,8,256,6.91028e-05
4,384,14,14,96,1,0,231,4,4,8,64,3.2319e-05
4,384,14,14,192,1,0,213,4,4,16,64,5.8047e-05
4,384,14,14,256,1,0,321,4,4,16,64,7.4382e-05
4,384,16,16,384,1,1,213,16,1,8,64,0.000116845
4,384,28,28,64,1,0,231,4,4,16,64,5.3471e-05
4,384,28,28,96,1,1,132,4,4,8,128,9.139e-05
4,456,14,14,76,1,0,213,2,1,4,64,4.0479e-05
4,480,14,14,16,1,1,312,8,1,4,64,1.4608e-05
4,480,14,14,64,1,1,312,4,1,8,128,2.2288e-05
4,480,14,14,96,1,1,123,4,1,8,256,3.5743e-05
4,480,14,14,192,1,1,123,1,4,8,256,6.4415e-05
4,480,28,28,96,1,1,132,1,4,16,256,9.4094e-05
4,480,28,28,192,1,1,132,2,2,8,256,0.000200811
4,512,1,1,32,1,0,132,8,8,4,64,8.32e-06
4,512,1,1,32,1,1,231,8,8,4,64,8.608e-06
4,512,3,3,16,1,0,123,8,8,2,64,8.272e-06
4,512,3,3,48,1,0,312,16,4,3,64,8.656e-06
4,512,3,3,128,1,1,123,16,4,8,64,1.1936e-05
4,512,5,5,24,1,0,312,16,4,3,64,9.2e-06
4,512,5,5,108,1,0,132,8,8,4,64,1.776e-05
4,512,5,5,128,1,1,213,16,4,8,64,1.7008e-05
4,512,5,5,144,1,0,213,8,8,8,64,1.8704e-05
4,512,5,5,256,1,0,213,8,8,8,64,2.70719e-05
4,512,5,5,546,1,0,123,4,16,7,64,4.9119e-05
4,512,5,5,1024,1,1,213,8,8,8,64,8.4414e-05
4,512,7,7,384,1,0,213,8,16,8,64,6.2751e-05
4,512,7,7,1024,1,0,123,8,8,8,128,0.000152109
4,512,7,7,2048,1,0,213,4,16,8,64,0.000282633
4,512,10,10,12,1,0,321,16,4,3,64,1.0544e-05
4,512,10,10,36,1,0,321,4,16,4,128,1.9392e-05
4,512,10,10,128,1,1,231,8,8,8,128,4.0511e-05
4,512,10,10,512,1,1,123,8,8,8,64,0.000135805
4,512,10,10,1024,1,1,213,4,16,8,64,0.000272794
4,512,10,10,2048,1,0,123,8,8,16,64,0.000528547
4,512,12,30,256,1,1,132,8,8,8,64,0.000221291
4,512,13,28,128,1,1,132,8,8,8,64,0.000117949
4,512,14,14,24,1,1,132,8,8,8,64,1.9392e-05
4,512,14,14,32,1,1,231,8,8,8,64,2.3088e-05
4,512,14,14,64,1,1,231,8,8,8,64,3.8527e-05
4,512,14,14,112,1,1,132,8,8,16,64,6.3759e-05
4,512,14,14,128,1,1,231,8,8,16,64,6.9983e-05
4,512,14,14,144,1,1,132,8,8,16,64,7.8158e-05
4,512,14,14,160,1,1,321,8,8,8,128,8.82379e-05
4,512,14,14,192,1,1,123,8,8,16,64,0.000104702
4,512,14,14,256,1,0,123,8,8,16,64,0.000135021
4,512,14,14,512,1,1,132,8,8,16,64,0.000257626
4,512,15,45,20,1,0,231,8,8,5,64,4.2383e-05
4,512,15,45,30,1,0,132,8,8,5,64,6.5007e-05
4,512,15,45,80,1,0,132,8,8,16,64,0.000136701
4,512,19,19,54,1,0,321,4,16,3,256,7.5598e-05
4,512,19,19,72,1,0,321,8,8,8,64,7.00628e-05
4,512,24,14,128,1,1,132,8,8,8,64,0.000105582
4,512,28,28,128,1,1,132,8,8,8,64,0.000234363
4,512,28,28,256,1,1,132,8,8,8,64,0.000462597
4,512,40,40,128,1,1,231,8,8,16,64,0.000460661
4,512,50,90,32,1,0,321,8,8,8,64,0.000316345
4,512,50,90,48,1,0,321,8,8,8,64,0.000492069
4,528,14,14,32,1,1,231,8,1,4,128,2.45119e-05
4,528,14,14,128,1,1,312,4,1,8,256,4.1567e-05
4,528,14,14,160,1,1,231,1,2,5,256,5.4271e-05
4,528,14,14,256,1,1,321,1,2,16,64,7.1198e-05
4,576,5,5,96,1,0,312,2,4,3,64,1.2368e-05
4,576,5,5,160,1,0,123,2,4,5,128,1.5232e-05
4,576,7,7,160,1,0,231,4,2,5,256,2.256e-05
4,576,14,14,96,1,1,213,2,4,16,64,3.5967e-05
4,576,14,14,128,1,1,231,2,4,8,256,4.3503e-05
4,576,14,14,160,1,1,132,2,4,8,256,5.7535e-05
4,576,14,14,192,1,1,123,4,2,8,256,7.11662e-05
4,608,14,14,96,1,1,123,1,4,8,256,3.8031e-05
4,608,14,14,128,1,1,231,4,1,8,256,4.2095e-05
4,608,14,14,160,1,1,123,2,2,8,256,6.4479e-05
4,768,7,7,384,1,0,123,2,16,8,256,6.55829e-05
4,768,7,7,512,1,0,132,4,8,8,256,8.7694e-05
4,768,8,8,768,1,1,123,4,8,8,256,0.000121933
4,832,7,7,48,1,1,321,4,2,3,128,1.5088e-05
4,832,7,7,128,1,1,312,1,8,8,128,2.4384e-05
4,832,7,7,160,1,1,123,2,4,5,128,3.05592e-05
4,832,7,7,192,1,1,123,1,8,8,256,3.00797e-05
4,832,7,7,256,1,1,123,1,8,8,256,4.0447e-05
4,832,7,7,384,1,1,132,1,8,8,256,5.8639e-05
4,864,14,14,64,1,1,312,4,1,8,128,3.4927e-05
4,864,14,14,96,1,1,132,4,1,8,256,5.4815e-05
4,864,14,14,128,1,1,321,4,1,8,256,5.8991e-05
4,864,14,14,224,1,1,132,4,1,8,256,0.000115773
4,960,7,7,128,1,1,132,2,4,8,512,3.12314e-05
4,960,7,7,160,1,0,132,4,2,5,256,3.6319e-05
4,960,7,7,192,1,1,132,1,8,8,512,3.8431e-05
4,960,7,7,320,1,0,123,2,4,8,128,6.5727e-05
4,960,7,7,352,1,1,132,1,8,8,512,6.75029e-05
4,1024,1,1,64,1,0,123,16,8,8,64,1.1984e-05
4,1024,4,4,2048,1,0,213,8,16,8,64,0.000169852
4,1024,5,5,256,1,1,123,8,16,8,128,4.8207e-05
4,1024,5,5,1024,1,1,123,8,16,8,64,0.000164524
4,1024,7,7,128,1,1,123,8,16,8,128,4.6879e-05
4,1024,7,7,192,1,1,123,8,16,8,128,6.5615e-05
4,1024,7,7,352,1,1,123,8,16,8,128,0.000111166
4,1024,7,7,512,1,0,123,8,16,8,128,0.000155964
4,1024,10,10,24,1,0,321,16,8,8,64,2.3216e-05
4,1024,10,10,42,1,0,321,8,16,7,64,3.4655e-05
4,1024,10,10,108,1,0,213,8,16,4,64,8.1662e-05
4,1024,10,10,126,1,0,321,8,16,7,128,8.4542e-05
4,1024,10,10,144,1,0,123,16,8,8,64,9.2302e-05
4,1024,10,10,256,1,0,213,8,16,8,64,0.000153069
4,1024,10,10,256,1,1,213,8,16,8,64,0.000153756
4,1024,10,10,546,1,0,123,8,16,7,64,0.000339352
4,1024,10,10,1024,1,1,123,8,16,16,64,0.00059085
4,1024,14,14,256,1,1,123,8,16,16,64,0.000280585
4,1024,14,14,512,1,1,123,8,16,16,64,0.000547043
4,1024,14,14,1024,1,1,123,8,16,16,64,0.00108817
4,1024,20,20,64,1,0,231,8,16,8,64,0.000126557
4,1024,20,20,256,1,1,132,16,8,8,64,0.000504644
4,1024,20,20,512,1,1,132,16,8,8,64,0.000998216
4,1152,7,7,192,1,0,123,2,8,8,256,4.1391e-05
4,1152,7,7,384,1,0,132,4,4,8,256,7.09749e-05
4,2048,1,1,128,1,0,312,16,16,8,64,2.9648e-05
4,2048,10,10,256,1,0,312,16,16,8,64,0.000311721
8,8,6,6,48,1,1,312,1,1,3,256,4.672e-06
8,8,12,12,48,0,1,312,1,1,3,256,4.976e-06
8,8,16,16,48,0,1,132,1,1,3,64,4.976e-06
8,8,24,24,48,0,1,321,1,1,8,128,5.008e-06
8,8,64,64,48,1,1,321,1,1,16,256,2.08639e-05
8,8,80,80,16,1,1,231,1,1,16,512,1.1536e-05
8,8,150,150,16,1,1,132,2,1,16,256,5.2991e-05
8,16,4,4,96,0,1,132,2,1,3,256,4.64e-06
8,16,4,4,96,1,1,231,2,1,2,128,3.936e-06
8,16,8,8,96,1,1,231,2,1,3,256,5.696e-06
8,16,12,12,16,1,1,231,2,1,2,128,5.2e-06
8,16,24,24,16,0,1,312,2,1,4,64,5.008e-06
8,16,32,32,16,0,1,132,2,1,8,256,6.56e-06
8,16,75,75,32,1,1,321,2,1,16,128,2.90238e-05
8,16,104,224,64,1,0,231,2,1,8,256,0.000158716
8,16,112,112,96,1,1,312,2,1,8,128,0.000128477
8,20,20,20,60,1,1,321,1,1,4,256,7.664e-06
8,20,20,20,120,1,1,321,1,1,5,1024,9.872e-06
8,24,3,3,144,1,1,312,1,1,2,128,5.696e-06
8,24,4,4,144,0,1,321,1,1,2,128,5.488e-06
8,24,8,8,144,1,1,312,1,1,2,256,6.656e-06
8,24,56,56,144,1,1,312,1,1,8,512,5.1119e-05
8,24,128,128,48,1,1,312,1,1,3,1024,0.000120445
8,28,56,56,168,1,1,312,1,1,7,256,6.86548e-05
8,32,2,2,32,1,1,213,4,1,2,128,5.408e-06
8,32,3,3,48,0,0,123,4,1,2,64,4.064e-06
8,32,7,7,32,1,1,321,4,1,2,128,5.952e-06
8,32,56,56,64,1,0,312,4,1,8,128,4.2671e-05
8,32,80,80,64,1,1,312,4,1,8,64,8.595e-05
8,32,112,112,32,1,1,321,4,1,8,128,8.6574e-05
8,36,40,40,12,1,0,312,1,1,3,256,1.0352e-05
8,40,10,10,240,1,1,312,1,1,5,256,9.904e-06
8,48,4,4,128,1,1,312,2,1,2,128,5.84e-06
8,48,4,4,288,0,1,312,2,1,2,128,7.616e-06
8,48,4,4,288,1,1,231,2,1,2,256,6.768e-06
8,48,6,6,8,1,0,213,2,1,2,64,5.904e-06
8,48,10,10,80,1,1,321,2,1,4,256,7.648e-06
8,48,10,10,288,1,1,312,2,1,8,512,1.272e-05
8,48,14,14,48,1,1,312,2,2,4,128,8.336e-06
8,48,16,16,8,0,0,123,2,1,2,256,6.832e-06
8,48,16,16,8,1,0,123,2,1,2,128,6.384e-06
8,60,20,20,20,1,0,312,1,1,2,256,1.1904e-05
8,64,10,10,128,1,1,312,8,1,8,64,1.1088e-05
8,64,16,16,48,1,1,123,8,1,8,128,1.0208e-05
8,64,20,20,32,1,1,132,8,1,8,64,1.0432e-05
8,64,20,20,64,1,1,132,8,1,8,64,1.576e-05
8,64,24,14,64,1,1,231,8,1,8,64,1.3904e-05
8,64,80,80,64,1,1,321,8,1,8,64,0.000178588
8,64,80,80,256,1,0,213,8,1,16,64,0.000815069
8,64,120,360,32,1,1,231,8,1,16,64,0.000671648
8,72,3,3,12,1,0,312,4,1,2,64,7.984e-06
8,72,8,8,12,0,0,132,4,1,2,128,8.144e-06
8,72,8,8,12,1,0,123,2,1,2,64,8.624e-06
8,72,12,12,12,1,0,213,2,1,2,256,9.232e-06
8,72,16,16,12,1,0,321,1,1,2,128,8.768e-06
8,72,32,32,12,1,0,123,2,1,3,128,1.0576e-05
8,76,14,14,456,1,1,123,1,1,8,256,4.7471e-05
8,96,4,4,16,0,0,123,8,1,2,64,5.712e-06
8,96,4,4,128,1,1,231,4,1,2,128,7.024e-06
8,96,5,5,576,1,1,321,4,1,8,64,1.6656e-05
8,96,6,6,16,1,0,312,8,1,2,64,6.096e-06
8,96,8,8,16,1,0,321,8,1,2,128,6.256e-06
8,96,8,8,64,1,0,321,8,1,4,128,7.488e-06
8,96,16,16,16,1,0,231,4,1,2,256,7.488e-06
8,96,16,16,192,1,0,132,4,1,16,128,2.7152e-05
8,96,32,100,128,1,0,231,4,1,8,128,0.000154701
8,96,56,56,128,1,1,312,4,1,8,128,0.000149229
8,128,3,3,256,1,1,132,8,2,8,128,1.1152e-05
8,128,5,5,32,1,1,321,16,1,2,64,7.168e-06
8,128,5,5,128,1,1,231,16,1,8,64,9.616e-06
8,128,5,5,256,1,1,132,16,1,8,64,1.4832e-05
8,128,7,7,64,1,1,312,16,1,8,64,9.344e-06
8,128,10,10,128,1,1,321,4,4,16,64,2.1664e-05
8,128,10,10,256,1,1,123,4,4,16,64,3.4719e-05
8,128,13,28,512,1,0,132,8,2,16,64,0.000212811
8,128,14,14,256,1,1,312,4,4,8,64,6.22709e-05
8,128,16,16,128,1,0,132,16,1,8,64,3.7663e-05
8,128,16,50,160,1,1,321,4,4,8,64,0.000131933
8,128,19,19,18,1,0,321,16,1,3,64,1.776e-05
8,128,19,19,128,1,1,312,16,1,8,64,5.9679e-05
8,128,20,15,32,1,1,132,4,4,8,64,1.6304e-05
8,128,20,15,128,1,1,321,4,4,8,128,4.9247e-05
8,128,20,20,78,1,0,321,16,1,3,64,5.5631e-05
8,128,24,14,256,1,1,132,16,1,8,64,9.9534e-05
8,128,28,28,96,1,0,321,4,4,16,64,7.7854e-05
8,128,48,120,64,1,1,321,4,4,16,64,0.00035612
8,128,56,56,128,1,1,321,4,4,8,64,0.000386327
8,128,100,180,64,1,1,312,16,1,8,64,0.00121631
8,144,3,3,24,1,0,312,4,1,2,64,8.112e-06
8,144,3,3,32,0,0,213,4,1,2,64,8.256e-06
8,144,3,3,32,1,0,321,8,1,2,64,7.984e-06
8,144,4,4,24,1,0,213,4,1,2,64,8.384e-06
8,144,4,4,32,0,0,123,8,1,2,64,8.192e-06
8,144,8,8,24,1,0,213,4,1,2,64,9.12e-06
8,144,28,28,32,1,0,231,2,1,8,128,2.1328e-05
8,160,5,5,80,1,1,132,8,1,5,64,8.224e-06
8,192,4,4,32,1,0,123,8,1,2,64,7.2e-06
8,192,4,4,48,0,0,231,8,1,3,64,7.376e-06
8,192,14,14,384,1,1,123,4,2,8,256,0.000101278
8,192,16,16,384,1,1,213,8,1,8,128,0.000107454
8,192,28,28,16,1,1,321,4,2,8,64,2.0448e-05
8,192,28,28,32,1,0,312,8,1,8,64,2.7776e-05
8,192,28,28,32,1,1,231,4,2,16,64,3.1551e-05
8,192,28,28,64,1,1,312,8,1,8,64,4.9103e-05
8,192,28,28,96,1,0,321,8,1,8,64,8.6158e-05
8,192,32,32,128,1,1,231,2,4,16,128,0.000167292
8,192,56,56,128,1,1,321,8,1,8,128,0.000427766
8,228,14,14,76,1,0,321,1,1,2,512,3.7615e-05
8,228,28,28,38,1,0,321,1,1,2,1024,5.7471e-05
8,240,10,10,40,1,0,132,4,1,4,64,1.4288e-05
8,240,10,10,48,1,0,321,4,1,3,128,1.5552e-05
8,240,20,20,128,1,1,231,1,2,8,256,5.9151e-05
8,256,1,1,16,1,0,213,8,4,2,64,7.216e-06
8,256,1,1,48,1,0,312,8,4,3,64,7.504e-06
8,256,1,1,64,1,1,123,8,4,4,64,7.792e-06
8,256,2,2,16,1,0,132,4,8,2,64,7.392e-06
8,256,2,2,48,1,0,213,8,4,3,64,6.416e-06
8,256,2,2,64,1,1,123,8,4,2,64,7.136e-06
8,256,2,2,128,1,1,312,8,4,4,64,9.088e-06
8,256,2,2,144,1,0,123,8,4,8,64,9.664e-06
8,256,2,2,546,1,0,123,8,4,7,64,1.608e-05
8,256,3,3,128,1,1,132,8,4,8,128,1.192e-05
8,256,3,3,144,1,0,231,4,8,8,64,1.4032e-05
8,256,3,3,256,1,1,123,8,4,4,128,1.7872e-05
8,256,3,3,546,1,0,132,8,4,7,128,2.8864e-05
8,256,4,4,128,1,1,231,8,4,8,128,1.0512e-05
8,256,7,7,128,1,1,231,8,4,8,128,2.3312e-05
8,256,10,8,128,1,1,321,4,8,8,64,2.90713e-05
8,256,10,10,24,1,0,312,8,4,8,64,1.248e-05
8,256,10,10,64,1,1,321,4,8,8,128,2.2192e-05
8,256,10,10,150,1,0,213,8,4,5,64,4.8239e-05
8,256,10,10,256,1,1,123,8,4,16,64,6.92788e-05
8,256,10,10,512,1,1,123,8,4,16,64,0.000128749
8,256,14,14,192,1,0,132,8,4,16,64,9.4078e-05
8,256,14,14,256,1,1,132,8,4,16,64,0.000124813
8,256,19,19,24,1,0,321,8,4,8,64,2.7552e-05
8,256,19,19,150,1,0,321,8,4,5,64,0.000156764
8,256,19,19,256,1,1,132,8,4,8,64,0.000217483
8,256,24,14,128,1,1,321,8,4,8,64,0.000101806
8,256,24,14,256,1,1,132,8,4,16,64,0.000200555
8,256,24,14,512,1,1,132,8,4,8,64,0.000383783
8,256,24,60,128,1,1,312,4,8,8,64,0.000396999
8,256,28,28,32,1,1,321,8,4,8,64,6.0303e-05
8,256,28,28,64,1,1,321,4,8,8,64,0.000103422
8,256,28,28,128,1,1,321,4,8,8,128,0.000228011
8,256,30,90,128,1,1,312,4,8,8,64,0.000753358
8,256,38,38,12,1,0,231,8,4,4,64,5.7247e-05
8,256,38,38,256,1,1,231,8,4,8,128,0.000861675
8,256,56,56,64,1,1,321,4,8,16,64,0.000389511
8,256,56,56,128,1,1,321,4,8,16,64,0.000849644
8,288,4,4,48,0,0,213,8,1,2,64,9.296e-06
8,288,10,10,48,1,0,321,2,2,4,128,1.5104e-05
8,288,28,28,48,1,1,132,2,2,16,128,5.3679e-05
8,288,28,28,96,1,1,123,4,1,8,256,0.000115133
8,384,4,4,96,1,0,213,4,16,8,64,1.0688e-05
8,384,7,7,768,1,1,213,8,2,8,64,0.000132845
8,384,8,8,768,1,1,132,4,4,8,256,0.000121917
8,384,14,14,96,1,0,132,4,4,8,128,5.5711e-05
8,384,14,14,192,1,0,123,4,4,4,64,0.000105614
8,384,14,14,256,1,0,132,4,4,8,256,0.000133197
8,384,16,16,384,1,1,132,4,4,8,128,0.000220459
8,384,28,28,64,1,0,231,4,4,16,64,9.707e-05
8,384,28,28,96,1,1,231,2,8,8,64,0.000195531
8,456,14,14,76,1,0,312,1,1,4,256,4.8703e-05
8,480,14,14,64,1,1,312,4,1,8,128,3.4271e-05
8,480,14,14,96,1,1,213,1,4,16,64,5.5615e-05
8,480,14,14,192,1,1,132,1,4,16,256,0.000103182
8,480,28,28,96,1,1,213,4,1,8,256,0.00018678
8,512,1,1,32,1,0,321,8,8,4,64,8.288e-06
8,512,5,5,256,1,0,213,8,8,8,64,4.4991e-05
8,512,5,5,546,1,0,123,8,8,7,64,9.1982e-05
8,512,7,7,384,1,0,123,8,8,8,64,0.000105502
8,512,10,10,12,1,0,312,8,8,4,64,1.416e-05
8,512,10,10,128,1,1,231,8,8,16,64,7.06069e-05
8,512,13,28,128,1,1,132,8,8,16,64,0.000225083
8,512,14,14,24,1,1,321,8,8,8,64,2.98079e-05
8,512,14,14,64,1,1,231,8,8,8,64,6.5663e-05
8,512,14,14,112,1,1,132,8,8,16,64,0.000114941
8,512,14,14,128,1,1,132,8,8,8,64,0.000127725
8,512,14,14,144,1,1,132,8,8,16,64,0.000141949
8,512,14,14,160,1,1,132,8,8,16,64,0.000155004
8,512,14,14,192,1,1,132,8,8,16,64,0.00018702
8,512,14,14,256,1,1,132,8,8,16,64,0.000246154
8,512,15,45,20,1,0,231,8,8,5,64,7.7982e-05
8,512,15,45,30,1,0,231,8,8,5,64,0.000116637
8,512,19,19,54,1,0,321,4,16,3,256,0.000142749
8,512,24,14,128,1,1,132,8,8,8,64,0.000201131
8,512,28,28,128,1,1,231,8,8,16,64,0.000465877
8,512,40,40,128,1,1,312,4,16,8,64,0.000927258
8,512,50,90,32,1,0,321,8,8,8,64,0.000623521
8,512,50,90,48,1,0,321,8,8,8,64,0.000963241
8,528,14,14,128,1,1,312,2,1,16,64,6.68948e-05
8,528,14,14,160,1,1,132,2,1,16,128,9.2622e-05
8,528,14,14,256,1,1,213,2,1,16,256,0.000138733
8,576,7,7,160,1,0,123,2,4,8,128,3.5423e-05
8,576,14,14,96,1,1,132,2,4,16,128,6.2223e-05
8,576,14,14,128,1,1,132,2,4,16,128,8.3742e-05
8,576,14,14,160,1,1,132,2,4,16,128,9.9886e-05
8,576,14,14,192,1,1,132,2,4,16,128,0.000122525
8,608,14,14,96,1,1,132,1,4,16,256,6.2383e-05
8,608,14,14,128,1,1,321,4,1,8,256,8.2926e-05
8,608,14,14,160,1,1,213,1,4,32,64,0.000101598
8,832,7,7,128,1,1,321,1,8,16,64,4.0079e-05
8,832,7,7,160,1,1,213,2,4,16,64,5.1983e-05
8,832,7,7,256,1,1,123,4,2,8,256,6.7759e-05
8,864,14,14,64,1,1,231,4,1,16,64,5.6367e-05
8,864,14,14,96,1,1,132,1,4,16,256,8.4158e-05
8,864,14,14,128,1,1,123,2,2,16,256,0.000117085
8,864,14,14,224,1,1,213,4,1,16,128,0.000209323
8,960,7,7,160,1,1,123,1,8,8,256,6.0031e-05
8,960,7,7,320,1,0,123,4,2,8,256,0.000112157
8,1024,1,1,64,1,0,213,16,8,8,64,1.0832e-05
8,1024,7,7,128,1,1,123,8,16,8,64,8.1086e-05
8,1024,7,7,192,1,1,123,8,16,8,64,0.000117341
8,1024,10,10,126,1,0,321,8,16,7,128,0.000150381
8,1024,10,10,144,1,0,321,8,16,8,128,0.000162908
8,1024,10,10,256,1,0,312,8,16,8,64,0.000284585
8,1024,14,14,256,1,1,123,8,16,16,64,0.000520724
8,1024,20,20,64,1,0,231,8,16,8,64,0.000242522
8,1024,20,20,256,1,1,132,8,16,16,64,0.000967225
8,2048,1,1,128,1,1,213,16,16,8,64,3.0176e-05
32,8,6,6,48,1,1,231,1,1,3,64,5.152e-06
32,8,12,12,48,0,1,213,1,1,8,128,5.072e-06
32,8,16,16,48,0,1,123,1,1,8,256,6.208e-06
32,8,24,24,48,0,1,312,1,1,8,128,1.1168e-05
32,8,150,150,16,1,1,132,2,1,16,256,0.000211227
32,12,6,6,72,0,1,312,1,1,2,512,7.04e-06
32,16,4,4,96,0,1,123,2,1,4,64,5.584e-06
32,16,75,75,32,1,1,321,2,1,16,256,9.8942e-05
32,16,104,224,64,1,0,231,2,1,8,64,0.00066016
32,20,20,20,60,1,1,321,1,1,5,512,1.5712e-05
32,20,20,20,120,1,1,321,1,1,8,256,2.6416e-05
32,24,3,3,144,1,1,231,1,1,3,64,6.672e-06
32,24,4,4,144,0,1,312,1,1,3,256,5.856e-06
32,24,8,8,144,1,1,231,1,1,4,256,9.152e-06
32,24,56,56,144,1,1,321,1,1,8,256,0.00018166
32,24,128,128,48,1,1,312,1,1,3,1024,0.000457173
32,28,56,56,168,1,1,321,1,1,7,256,0.000245386
32,32,3,3,32,0,1,231,4,1,2,64,5.392e-06
32,32,3,3,48,0,0,213,4,1,4,64,5.76e-06
32,36,40,40,12,1,0,321,1,1,4,256,2.5072e-05
32,40,10,10,240,1,1,321,1,1,8,512,2.00479e-05
32,48,4,4,288,0,1,132,2,1,4,64,8.896e-06
32,48,4,4,288,1,1,123,2,1,8,64,8.976e-06
32,48,6,6,8,1,0,213,2,1,2,64,6.064e-06
32,48,10,10,288,1,1,123,2,1,16,128,3.1215e-05
32,48,16,16,8,0,0,321,2,1,4,128,7.216e-06
32,48,16,16,8,1,0,123,2,1,4,64,7.664e-06
32,60,20,20,20,1,0,321,1,1,4,512,1.704e-05
32,64,120,360,32,1,1,312,8,1,16,64,0.00259752
32,72,3,3,12,1,0,132,4,1,2,64,7.904e-06
32,72,4,4,16,0,0,123,4,1,2,64,7.92e-06
32,72,8,8,12,0,0,123,4,1,2,64,8.192e-06
32,72,8,8,12,1,0,231,2,1,2,256,8.736e-06
32,72,12,12,12,1,0,312,1,1,3,128,9.76e-06
32,72,16,16,12,1,0,123,2,1,4,128,1.0528e-05
32,76,14,14,456,1,1,132,1,1,8,1024,0.000154908
32,96,4,4,16,0,0,213,8,1,2,64,6.048e-06
32,128,19,19,18,1,0,231,4,4,3,128,5.3183e-05
32,128,20,20,78,1,0,312,16,1,3,64,0.000200763
32,128,28,28,128,1,1,321,4,4,16,64,0.000387511
32,128,28,28,512,1,0,312,4,4,8,64,0.00163164
32,128,38,38,256,1,1,321,8,2,16,64,0.00163673
32,144,3,3,32,0,0,231,4,1,2,64,9.04e-06
32,144,4,4,32,0,0,213,4,1,2,64,8.56e-06
32,168,28,28,38,1,0,132,2,1,2,512,0.000150349
32,192,4,4,48,0,0,123,4,2,4,64,9.472e-06
32,192,28,28,32,1,0,231,8,1,2,64,8.9918e-05
32,228,14,14,76,1,0,123,2,1,4,512,0.000131021
32,228,28,28,38,1,0,312,1,1,2,1024,0.000224427
32,256,10,10,150,1,0,231,8,4,5,64,0.000183084
32,256,19,19,24,1,0,321,8,4,8,64,8.5214e-05
32,256,19,19,150,1,0,231,8,4,5,64,0.000593522
32,256,26,56,64,1,1,321,4,8,16,64,0.000738815
32,256,28,28,32,1,1,321,8,4,8,64,0.000218107
32,256,28,28,512,1,0,312,8,4,8,64,0.00360414
32,256,38,38,256,1,1,231,8,4,16,64,0.00325951
32,256,84,84,60,1,0,321,4,8,5,128,0.00411792
32,288,4,4,48,0,0,213,4,2,3,64,1.144e-05
32,288,28,28,48,1,1,231,2,2,8,256,0.000222907
32,288,28,28,96,1,1,213,4,1,16,64,0.000452149
32,384,28,28,64,1,0,231,4,4,16,64,0.00036228
32,384,28,28,96,1,1,231,2,8,16,64,0.000720607
32,456,14,14,76,1,0,231,1,1,4,1024,0.000271258
32,480,28,28,96,1,1,231,2,2,3,512,0.000785405
32,512,5,5,546,1,0,123,16,4,7,64,0.00032708
32,512,10,10,36,1,0,231,8,8,4,128,9.3982e-05
32,512,14,14,24,1,1,321,8,8,8,64,9.2558e-05
32,512,14,14,112,1,1,321,8,8,8,128,0.000430966
32,512,14,14,144,1,1,132,4,16,16,64,0.000559219
32,512,14,14,160,1,1,132,8,8,16,64,0.000618769
32,512,14,14,256,1,1,231,8,8,16,64,0.000915915
32,512,15,45,30,1,0,231,8,8,5,64,0.000439974
32,512,15,45,80,1,0,321,8,8,8,64,0.00101198
32,512,19,19,54,1,0,321,4,16,3,256,0.000537283
32,576,14,14,96,1,1,132,2,4,32,128,0.000246586
32,576,14,14,160,1,1,231,1,8,5,512,0.000412934
32,608,14,14,128,1,1,231,1,4,16,128,0.00027057
32,608,14,14,160,1,1,132,2,2,16,256,0.000362199
32,768,7,7,384,1,0,132,8,4,8,128,0.000400455
32,960,7,7,352,1,1,132,2,4,8,256,0.000394055
32,1024,10,10,24,1,0,321,8,16,8,64,9.915e-05
32,1024,10,10,126,1,0,321,8,16,7,128,0.000544019
32,1024,10,10,144,1,0,132,8,16,16,64,0.000561731
32,1024,10,10,256,1,1,132,8,16,16,64,0.00100279
32,1024,10,10,546,1,0,312,8,16,7,64,0.00239972
32,1024,14,14,1024,1,0,132,8,16,16,64,0.00786749
32,1024,14,14,1024,1,1,132,8,16,16,64,0.00787373
32,1024,14,14,2048,1,1,132,8,16,16,64,0.0166206
32,1024,20,20,64,1,0,231,8,16,8,64,0.000931098
32,2048,7,7,2048,1,0,312,16,16,8,64,0.00874411
32,2048,7,7,2048,1,1,312,16,16,8,64,0.00879627
